x_m y_m sigma_xx_Pa sigma_xy_Pa sigma_yy_Pa von_mises_Pa sigma_max_principal_Pa sigma_min_principal_Pa sigma_tension_Pa sigma_comp_mag_Pa is_surface wss_mag_dyn_cm2 wss_x_dyn_cm2 wss_y_dyn_cm2 pressure_Pa normal_x normal_y
3.8386813499e-04 3.5332744949e-05 -6.8923147238e+00 -1.1076464759e+01 1.8330999864e+01 2.9047630410e+01 2.2489999807e+01 -1.1051314667e+01 2.2489999807e+01 1.1051337136e+01 1.0000000000e+00 2.2297092750e+00 9.6514031010e-01 -2.0100018987e+00 1.3712237319e+01 9.0146366670e-01 4.3285477660e-01
3.7449573661e-04 5.2618436961e-05 -6.7747615855e+00 -1.0293325155e+01 1.0988472116e+01 2.3538930469e+01 1.5697063108e+01 -1.1483352577e+01 1.5697063108e+01 1.1483352538e+01 1.0000000000e+00 5.2201758770e+00 2.6806489548e+00 -4.4793255482e+00 1.3593911305e+01 8.5807943139e-01 5.1351698066e-01
3.7195963882e-04 5.6712592259e-05 -6.6825630764e+00 -1.0157361752e+01 9.5962397367e+00 2.2536959734e+01 1.4468558100e+01 -1.1554881439e+01 1.4468558100e+01 1.1554881439e+01 1.0000000000e+00 5.8800244947e+00 3.1158800855e+00 -4.9865799252e+00 1.3584084427e+01 8.4805427762e-01 5.2990937169e-01
3.6665895666e-04 6.4640550062e-05 -6.4517102343e+00 -9.9100143740e+00 7.1456208091e+00 2.0809756796e+01 1.2361473975e+01 -1.1667563400e+01 1.2361473975e+01 1.1667563400e+01 1.0000000000e+00 7.9082982203e+00 4.5731983110e+00 -6.4519018861e+00 1.3582673384e+01 8.1583947728e-01 5.7827843408e-01
3.6106268879e-04 7.2229631433e-05 -6.1772733591e+00 -9.6833283977e+00 5.0537777518e+00 1.9383184029e+01 1.0629138713e+01 -1.1752634321e+01 1.0629138713e+01 1.1752634321e+01 1.0000000000e+00 9.2769005149e+00 5.6534818725e+00 -7.3552040000e+00 1.3604939114e+01 7.9285144732e-01 6.0941495098e-01
3.5518439196e-04 7.9488233026e-05 -5.8723217866e+00 -9.4688715264e+00 3.2411118788e+00 1.8196549828e+01 9.1901779877e+00 -1.1821387895e+01 9.1901779877e+00 1.1821387895e+01 1.0000000000e+00 1.0626054082e+01 6.7944474896e+00 -8.1699760507e+00 1.3642028366e+01 7.6886264530e-01 6.3941397597e-01
3.5214407112e-04 8.2995989058e-05 -5.7106564968e+00 -9.3655743100e+00 2.4235314616e+00 1.7681185288e+01 8.5646745681e+00 -1.1851799603e+01 8.5646745681e+00 1.1851799603e+01 1.0000000000e+00 1.1944078178e+01 7.9798532875e+00 -8.8872349489e+00 1.3696550029e+01 7.4407039340e-01 6.6810122711e-01
3.4903885239e-04 8.6423941838e-05 -5.5436684905e+00 -9.2643781546e+00 1.6556509073e+00 1.7211548908e+01 7.9930836035e+00 -1.1881101187e+01 7.9930836035e+00 1.1881101187e+01 1.0000000000e+00 1.2588272660e+01 8.5842806983e+00 -9.2073195590e+00 1.3728849961e+01 7.3142041069e-01 6.8192681633e-01
3.4587064138e-04 8.9772942125e-05 -5.3717700676e+00 -9.1664189353e+00 9.3585455800e-01 1.6785785733e+01 7.4733201565e+00 -1.1909235666e+01 7.4733201565e+00 1.1909235666e+01 1.0000000000e+00 1.3220121305e+01 9.1931667236e+00 -9.5003838297e+00 1.3764683990e+01 7.1863060939e-01 6.9539200976e-01
3.4264129907e-04 9.3043892212e-05 -5.1968636837e+00 -9.0677867069e+00 2.5779451888e-01 1.6397464973e+01 6.9975462336e+00 -1.1936615398e+01 6.9975462336e+00 1.1936615398e+01 1.0000000000e+00 1.3839152548e+01 9.8049428995e+00 -9.7665366415e+00 1.3803371950e+01 7.0571782542e-01 7.0849301400e-01
3.3935282743e-04 9.6237546697e-05 -5.0174040569e+00 -8.9717416775e+00 -3.8361004572e-01 1.6046143766e+01 6.5637383712e+00 -1.1964752474e+01 6.5637383712e+00 1.1964752474e+01 1.0000000000e+00 1.4444524764e+01 1.0417771174e+01 -1.0005715338e+01 1.3845140419e+01 6.9269951773e-01 7.2122630161e-01
3.3600703401e-04 9.9354816255e-05 -4.8341686221e+00 -8.8776586289e+00 -9.8678311405e-01 1.5730038331e+01 6.1712659969e+00 -1.1992217733e+01 6.1712659969e+00 1.1992217733e+01 1.0000000000e+00 1.5035055746e+01 1.1029492662e+01 -1.0217788063e+01 1.3890048586e+01 6.7959761745e-01 7.3358508597e-01
3.3260573300e-04 1.0239649121e-04 -4.6485001688e+00 -8.7835934792e+00 -1.5584068115e+00 1.5444311052e+01 5.8133236531e+00 -1.2020230633e+01 5.8133236531e+00 1.2020230633e+01 1.0000000000e+00 1.6171607615e+01 1.2244955192e+01 -1.0563236492e+01 1.3986853449e+01 6.5319643809e-01 7.5718849256e-01
3.2915078363e-04 1.0536332126e-04 -4.4596870882e+00 -8.6904683536e+00 -2.1008577945e+00 1.5188038496e+01 5.4885456728e+00 -1.2049090556e+01 5.4885456728e+00 1.2049090556e+01 1.0000000000e+00 1.6717049578e+01 1.2846070215e+01 -1.0697580410e+01 1.4039807130e+01 6.3992036155e-01 7.6844123450e-01
3.2208690134e-04 1.1107562058e-04 -4.0735518706e+00 -8.5073166585e+00 -3.1048449049e+00 1.4756990233e+01 4.9307538954e+00 -1.2109150671e+01 4.9307538954e+00 1.2109150671e+01 1.0000000000e+00 1.7762481859e+01 1.4029663291e+01 -1.0893773899e+01 1.4149634160e+01 6.1330246443e-01 7.8984814181e-01
3.1113133104e-04 1.1910193582e-04 -3.4729735319e+00 -8.2368722464e+00 -4.4359938500e+00 1.4289716453e+01 4.2956879499e+00 -1.2204655332e+01 4.2956879499e+00 1.2204655332e+01 1.0000000000e+00 1.9214126021e+01 1.5742465563e+01 -1.1016234236e+01 1.4330792709e+01 5.7334037596e-01 8.1931728487e-01
2.9978165270e-04 1.2649468483e-04 -2.8506972184e+00 -7.9711145568e+00 -5.5950593610e+00 1.4008275244e+01 3.8648031930e+00 -1.2310559772e+01 3.8648031930e+00 1.2310559772e+01 1.0000000000e+00 2.0947327005e+01 1.7887995788e+01 -1.0900005292e+01 1.4591834094e+01 5.2035304022e-01 8.5395123604e-01
2.8807657620e-04 1.3327158229e-04 -2.2014906578e+00 -7.7053131525e+00 -6.6153317336e+00 1.3881501550e+01 3.6060774609e+00 -1.2422899852e+01 3.6060774609e+00 1.2422899852e+01 1.0000000000e+00 2.2105825852e+01 1.9380269251e+01 -1.0633564800e+01 1.4801781812e+01 4.8102997243e-01 8.7670414943e-01
2.7605054349e-04 1.3944823047e-04 -1.5209712770e+00 -7.4385723973e+00 -7.5207092119e+00 1.3891292053e+01 3.4993009617e+00 -1.2540981451e+01 3.4993009617e+00 1.2540981451e+01 1.0000000000e+00 2.3499156633e+01 2.1223753282e+01 -1.0087747969e+01 1.5093312327e+01 4.2928127704e-01 9.0317085049e-01
2.6373390751e-04 1.4503774912e-04 -8.0147894293e-01 -7.1673210149e+00 -8.3315253835e+00 1.4021895603e+01 3.5290430376e+00 -1.2662047364e+01 3.5290430375e+00 1.2662047364e+01 1.0000000000e+00 2.4444701807e+01 2.2499024098e+01 -9.5570581826e+00 1.5321681355e+01 3.9096644573e-01 9.2040493171e-01
2.4690462822e-04 1.5159356181e-04 2.3637662526e-01 -6.7968581342e+00 -9.2915688198e+00 1.4375107967e+01 3.7718763572e+00 -1.2827068552e+01 3.7718763606e+00 1.2827068552e+01 1.0000000000e+00 2.5593064254e+01 2.4064710882e+01 -8.7117522959e+00 1.5636267616e+01 3.4039504647e-01 9.4028251730e-01
2.2965742150e-04 1.5713447480e-04 1.3980551518e+00 -6.4022916999e+00 -1.0140630742e+01 1.4925730580e+01 4.2460867733e+00 -1.2988662363e+01 4.2460867952e+00 1.2988662363e+01 1.0000000000e+00 2.6902223858e+01 2.5845630361e+01 -7.4654564321e+00 1.6048910581e+01 2.7750331986e-01 9.6072467829e-01
8.8757478965e-05 1.5549102410e-04 9.4155387409e+00 1.0188187912e+00 -1.7778814503e+01 2.3545356142e+01 9.4122798259e+00 -1.7775555588e+01 9.3456179280e+00 1.7775463166e+01 1.0000000000e+00 2.5903709730e+01 2.4468083075e+01 8.5038278676e+00 2.0073399798e+01 -3.2828610095e-01 9.4457833763e-01
7.7998250579e-05 1.5033867889e-04 1.8649904917e+01 6.4360134204e+00 -1.5092629091e+01 3.1878656322e+01 2.0183788722e+01 -1.6626512896e+01 1.8721965890e+01 1.7085269944e+01 1.0000000000e+00 2.3863213136e+01 2.0935080474e+01 1.1453180638e+01 2.0795294978e+01 -4.7995131975e-01 8.7729512176e-01
5.8075897644e-05 1.3796425595e-04 -6.8847809597e+01 -1.8716763330e+01 -3.8176387384e+01 4.1763839133e+01 -2.9399734725e+01 -7.7624462257e+01 -1.3701451919e-05 7.7624460842e+01 1.0000000000e+00 8.0143153136e+00 7.7188928137e+00 2.1559090136e+00 2.0187523632e+01 -2.6900726129e-01 9.6313814864e-01
3.7949558079e-05 1.3442088256e-04 -5.7921679543e+01 -8.3461782896e+00 -3.3683143256e+01 2.5433158999e+01 -3.1118570205e+01 -6.0486252594e+01 1.5882814997e-08 6.0486252594e+01 1.0000000000e+00 1.1705232108e+01 1.1599421240e+01 1.5703138509e+00 1.9862276678e+01 -1.3415486652e-01 9.9096037852e-01
1.9077706787e-05 1.3243382195e-04 -4.9809443583e+01 -7.0162755153e+00 -3.4753860953e+01 1.7780226477e+01 -3.2016233726e+01 -5.2547070811e+01 8.9571553232e-09 5.2547070811e+01 1.0000000000e+00 1.3903659435e+01 1.3846668341e+01 1.2575856046e+00 1.9852909282e+01 -9.0449971857e-02 9.9590100040e-01
1.6694812366e-05 1.3223934403e-04 -4.9273529173e+01 -6.1962708427e+00 -3.4060250865e+01 1.6920071156e+01 -3.1898082382e+01 -5.1435697656e+01 1.5830888750e-08 5.1435697656e+01 1.0000000000e+00 1.4285418486e+01 1.4239502842e+01 1.1444387893e+00 1.9854004483e+01 -8.0112374053e-02 9.9678583834e-01
2.2434791838e-06 1.3119708316e-04 -4.2802125723e+01 -2.9167000352e+00 -3.2496707292e+01 1.0180830597e+01 -3.1771511222e+01 -4.3527321793e+01 1.1893203684e-08 4.3527321793e+01 1.0000000000e+00 1.5441545463e+01 1.5404119012e+01 1.0744504408e+00 1.9910654968e+01 -6.9581794352e-02 9.9757624966e-01
-1.9312094506e-07 1.3103327495e-04 -4.1667598932e+01 -2.5078942817e+00 -3.2360275584e+01 9.1041140411e+00 -3.1757674566e+01 -4.2270199951e+01 1.2078787882e-08 4.2270199951e+01 1.0000000000e+00 1.5769491342e+01 1.5732806370e+01 1.0750167123e+00 1.9938247293e+01 -6.8170665047e-02 9.9767367432e-01
-1.4976587433e-05 1.3005083060e-04 -3.5142536065e+01 -4.9340880753e-01 -3.1781364972e+01 2.8212151984e+00 -3.1833121164e+01 -3.5090779873e+01 -1.0930327522e-08 3.5090779873e+01 1.0000000000e+00 1.6871314249e+01 1.6831687505e+01 1.1556557607e+00 2.0073759585e+01 -6.8498265376e-02 9.9765123547e-01
-1.7466406568e-05 1.2988266884e-04 -3.4108570576e+01 -1.9349327873e-01 -3.1709048242e+01 1.7113697100e+00 -3.1920749646e+01 -3.3896869172e+01 -2.6540321445e-08 3.3896869172e+01 1.0000000000e+00 1.6871314249e+01 1.6831687505e+01 1.1556557607e+00 2.0073759585e+01 -6.8498265376e-02 9.9765123547e-01
-3.2550119138e-05 1.2881079272e-04 -2.8288440900e+01 1.4304711783e+00 -3.1362944211e+01 3.5547521757e+00 -2.7773355430e+01 -3.1878029681e+01 -1.9936857094e-08 3.1878029681e+01 1.0000000000e+00 1.7697753875e+01 1.7647294083e+01 1.3354788553e+00 2.0237569819e+01 -7.5460358684e-02 9.9714880247e-01
-3.5086857987e-05 1.2861863980e-04 -2.7389297230e+01 1.6804759021e+00 -3.1314548016e+01 4.4103949739e+00 -2.6805579898e+01 -3.1898265348e+01 2.1947583268e-08 3.1898265348e+01 1.0000000000e+00 1.7866867897e+01 1.7812542535e+01 1.3922273088e+00 2.0281686680e+01 -7.7922292639e-02 9.9695943564e-01
-5.0429904882e-05 1.2735975133e-04 -2.2437671615e+01 3.1176349690e+00 -3.1047925848e+01 9.1850793220e+00 -2.1439790713e+01 -3.2045806751e+01 1.4488683253e-07 3.2045806751e+01 1.0000000000e+00 1.8296946749e+01 1.8228169864e+01 1.5849554422e+00 2.0418943259e+01 -8.6624039732e-02 9.9624107310e-01
-5.3006027863e-05 1.2713009365e-04 -2.1687467261e+01 3.3498777051e+00 -3.1005023068e+01 9.9180582903e+00 -2.0620051540e+01 -3.2072438788e+01 2.5120311346e-08 3.2072438788e+01 1.0000000000e+00 1.8417251704e+01 1.8342671062e+01 1.6557713100e+00 2.0466065363e+01 -8.9903278550e-02 9.9595050103e-01
-6.8561765719e-05 1.2561474817e-04 -1.7625647156e+01 4.7259062204e+00 -3.0742029037e+01 1.3990447368e+01 -1.6106449543e+01 -3.2261226651e+01 1.7754805653e-06 3.2261226651e+01 1.0000000000e+00 1.8794781646e+01 1.8691817864e+01 1.9646277196e+00 2.0659414535e+01 -1.0453048918e-01 9.9452168243e-01
-7.1169380594e-05 1.2533765164e-04 -1.7021776675e+01 4.9547757735e+00 -3.0695799080e+01 1.4614922861e+01 -1.5420858229e+01 -3.2296717525e+01 4.7926208559e-07 3.2296717525e+01 1.0000000000e+00 1.8865215629e+01 1.8753821610e+01 2.0470798125e+00 2.0708920327e+01 -1.0851080914e-01 9.9409526923e-01
-8.4262076555e-05 1.2383765841e-04 -1.4303723629e+01 6.1005346367e+00 -3.0445696014e+01 1.7516832567e+01 -1.2261361823e+01 -3.2488057820e+01 3.1454667719e-05 3.2488057820e+01 1.0000000000e+00 1.9026339503e+01 1.8886303569e+01 2.3041554566e+00 2.0857966088e+01 -1.2110345536e-01 9.9263989095e-01
-8.6890429325e-05 1.2351378599e-04 -1.3819351500e+01 6.3308432032e+00 -3.0391806444e+01 1.8055455835e+01 -1.1681256685e+01 -3.2529901259e+01 3.1763585433e-05 3.2529901259e+01 1.0000000000e+00 1.9064950125e+01 1.8914224463e+01 2.3925794112e+00 2.0908066251e+01 -1.2549623238e-01 9.9209409617e-01
-1.0271607953e-04 1.2139290315e-04 -1.1310750931e+01 7.7241427622e+00 -3.0027059951e+01 2.1013305489e+01 -8.5368678609e+00 -3.2800943022e+01 1.8687746356e-04 3.2800943022e+01 1.0000000000e+00 1.9147922143e+01 1.8948589656e+01 2.7556981785e+00 2.1109398231e+01 -1.4391630371e-01 9.8958986329e-01
-1.0536152184e-04 1.2100874937e-04 -1.0957510353e+01 7.9563487473e+00 -2.9959302828e+01 2.1461304902e+01 -8.0677164285e+00 -3.2849096753e+01 -1.4392444127e-04 3.2849096753e+01 1.0000000000e+00 1.9147922143e+01 1.8948589656e+01 2.7556981785e+00 2.1109398231e+01 -1.4391630371e-01 9.8958986329e-01
-1.1861306186e-04 1.1895031175e-04 -9.4586984158e+00 9.1357937276e+00 -2.9580362131e+01 2.3534710668e+01 -5.9317587340e+00 -3.3107301813e+01 1.8803603238e-03 3.3107301813e+01 1.0000000000e+00 1.9131784987e+01 1.8874213013e+01 3.1287824988e+00 2.1310311472e+01 -1.6353845189e-01 9.8653696066e-01
-1.2126720344e-04 1.1851040642e-04 -9.2100311437e+00 9.3731514776e+00 -2.9496522269e+01 2.3917899645e+01 -5.5442709075e+00 -3.3162282505e+01 2.4283232962e-03 3.3162282505e+01 1.0000000000e+00 1.9131784987e+01 1.8874213013e+01 3.1287824988e+00 2.1310311472e+01 -1.6353845189e-01 9.8653696066e-01
-1.3454900757e-04 1.1616483014e-04 -8.2171109771e+00 1.0562847878e+01 -2.9032669902e+01 2.5682575346e+01 -3.7970486496e+00 -3.3452732229e+01 -3.9068176433e-03 3.3452732229e+01 1.0000000000e+00 1.9027772299e+01 1.8702080422e+01 3.5054680919e+00 2.1510747226e+01 -1.8422903306e-01 9.8288334169e-01
-1.3986417270e-04 1.1515684358e-04 -7.9347781663e+00 1.1041083569e+01 -2.8823350078e+01 2.6321755340e+01 -3.1821915910e+00 -3.3575936653e+01 -5.0918434904e-03 3.3575936653e+01 1.0000000000e+00 1.8989426316e+01 1.8645134950e+01 3.5996186638e+00 2.1560271446e+01 -1.8955910536e-01 9.8186931186e-01
-1.5049233885e-04 1.1301770001e-04 -7.5563569451e+00 1.1996993747e+01 -2.8361638870e+01 2.7500121666e+01 -2.0817952608e+00 -3.3836200554e+01 6.3825174756e-02 3.3836200554e+01 1.0000000000e+00 1.8846452989e+01 1.8442533998e+01 3.8809444737e+00 2.1708674763e+01 -2.0592439734e-01 9.7856790392e-01
-1.5580307625e-04 1.1188529450e-04 -7.4563364651e+00 1.2471628707e+01 -2.8109044019e+01 2.8043219227e+01 -1.5919300723e+00 -3.3973450412e+01 -2.0086215815e-02 3.3973450412e+01 1.0000000000e+00 1.8789270713e+01 1.8364220423e+01 3.9739278045e+00 2.1757775059e+01 -2.1149984292e-01 9.7737803149e-01
-1.6641204933e-04 1.0949181175e-04 -7.4364746509e+00 1.3419457207e+01 -2.7548116822e+01 2.9042379289e+01 -7.2467023614e-01 -3.4259921237e+01 -2.9669217126e-01 3.4259921237e+01 1.0000000000e+00 1.8590438736e+01 1.8098192665e+01 4.2496864191e+00 2.1904535786e+01 -2.2859527306e-01 9.7352154631e-01
-1.7170802919e-04 1.0822956911e-04 -7.5123981184e+00 1.3888455232e+01 -2.7240321073e+01 2.9502637635e+01 -3.4300381553e-01 -3.4409715376e+01 -2.3833750120e-01 3.4409715376e+01 1.0000000000e+00 1.8514596342e+01 1.7998695571e+01 4.3401884123e+00 2.1953059873e+01 -2.3441982380e-01 9.7213545672e-01
-1.7699678453e-04 1.0692290351e-04 -7.6473261162e+00 1.4354761217e+01 -2.6912857190e+01 2.9938827947e+01 5.0987210263e-03 -3.4565282027e+01 4.6281494381e-03 3.4565282027e+01 1.0000000000e+00 1.8349271320e+01 1.7784267000e+01 4.5183631191e+00 2.2049804075e+01 -2.4624210086e-01 9.6920835106e-01
-1.8227722727e-04 1.0557126528e-04 -7.8312535283e+00 1.4816174775e+01 -2.6565327125e+01 3.0358171738e+01 3.2900829880e-01 -3.4725588952e+01 3.2898560471e-01 3.4725588952e+01 1.0000000000e+00 1.8259550252e+01 1.7669080222e+01 4.6059504460e+00 2.2097825623e+01 -2.5224884417e-01 9.6766240013e-01
-1.8754826394e-04 1.0417408216e-04 -8.0637963796e+00 1.5270446190e+01 -2.6198069413e+01 3.0757425145e+01 6.2687479037e-01 -3.4888740583e+01 6.2687486754e-01 3.4888740583e+01 1.0000000000e+00 1.8164652462e+01 1.7548159666e+01 4.6921947309e+00 2.2145652915e+01 -2.5831458877e-01 9.6606085379e-01
-1.9280873220e-04 1.0273091810e-04 -8.3538141183e+00 1.5712409530e+01 -2.5809296114e+01 3.1128486439e+01 8.9048490896e-01 -3.5053595141e+01 8.9048494325e-01 3.5053595141e+01 1.0000000000e+00 1.7959546993e+01 1.7289471807e+01 4.8599889734e+00 2.2240671644e+01 -2.7060754791e-01 9.6268975013e-01
-1.9805735625e-04 1.0124131414e-04 -8.7040830450e+00 1.6145920656e+01 -2.5395072948e+01 3.1475878400e+01 1.1230288708e+00 -3.5222184864e+01 1.1230288715e+00 3.5222184864e+01 1.0000000000e+00 1.7849287813e+01 1.7151647037e+01 4.9414653027e+00 2.2287969966e+01 -2.7684383570e-01 9.6091492372e-01
-2.0329297270e-04 9.9704830280e-05 -9.1011779544e+00 1.6565113525e+01 -2.4958563123e+01 3.1805899548e+01 1.3332741289e+00 -3.5393015205e+01 1.3332741285e+00 3.5393015204e+01 1.0000000000e+00 1.7733389790e+01 1.7007750695e+01 5.0209092535e+00 2.2335041747e+01 -2.8313307906e-01 9.5908063245e-01
-2.1111923119e-04 9.7311438887e-05 -9.7988953612e+00 1.7166597538e+01 -2.4252447685e+01 3.2256669301e+01 1.5977251810e+00 -3.5649068227e+01 1.5977251811e+00 3.5649068227e+01 1.0000000000e+00 1.7485552553e+01 1.6702672484e+01 5.1735171768e+00 2.2427772026e+01 -2.9587381703e-01 9.5522703291e-01
-2.1890905145e-04 9.4810859497e-05 -1.0620666292e+01 1.7714773977e+01 -2.3486283907e+01 3.2639733369e+01 1.7910837475e+00 -3.5898033946e+01 1.7910837475e+00 3.5898033946e+01 1.0000000000e+00 1.7065695999e+01 1.6195067770e+01 5.3812414797e+00 2.2565423007e+01 -3.1532505208e-01 9.4898372564e-01
-2.2665752229e-04 9.2202759798e-05 -1.1580942458e+01 1.8186173558e+01 -2.2649902834e+01 3.2920908053e+01 1.8914724800e+00 -3.6122317772e+01 1.8914724800e+00 3.6122317772e+01 1.0000000000e+00 1.6753830764e+01 1.5824242760e+01 5.5031069706e+00 2.2655750311e+01 -3.2846857822e-01 9.4451489831e-01
-2.3435838179e-04 8.9487676063e-05 -1.2755669373e+01 1.8499763224e+01 -2.1736290199e+01 3.2967008177e+01 1.7875312592e+00 -3.6279490832e+01 1.7875312592e+00 3.6279490832e+01 1.0000000000e+00 1.6419121577e+01 1.5430228035e+01 5.6120955227e+00 2.2744063205e+01 -3.4180242203e-01 9.3977183630e-01
-2.3945965780e-04 8.7618978271e-05 -1.3915412345e+01 1.8513805035e+01 -2.1036139959e+01 3.2649041049e+01 1.3741564866e+00 -3.6325708790e+01 1.3741564866e+00 3.6325708790e+01 1.0000000000e+00 1.6240645612e+01 1.5220398769e+01 5.6655124386e+00 2.2789310693e+01 -3.4884773512e-01 9.3717941596e-01
-2.4199639813e-04 8.6666954774e-05 -1.5033005615e+01 1.8526468764e+01 -2.0626967621e+01 3.2439741154e+01 8.9910667005e-01 -3.6559079906e+01 8.9910667005e-01 3.6559079906e+01 1.0000000000e+00 1.6038044090e+01 1.4984498884e+01 5.7169617312e+00 2.2834780777e+01 -3.5646252742e-01 9.3430962028e-01
-2.4703788081e-04 8.4727961865e-05 -1.7007398658e+01 1.9277957454e+01 -1.9600123556e+01 3.3443957723e+01 1.0051168872e+00 -3.7612639101e+01 1.0051168872e+00 3.7612639101e+01 1.0000000000e+00 1.5811105500e+01 1.4729736538e+01 5.7468181339e+00 2.2878545939e+01 -3.6346719297e-01 9.3160699849e-01
-2.4954926842e-04 8.3740734876e-05 -1.7279589428e+01 1.9897836394e+01 -1.8943359043e+01 3.4473451935e+01 1.7917825193e+00 -3.8014730990e+01 1.7917825193e+00 3.8014730990e+01 1.0000000000e+00 1.5573605499e+01 1.4468104990e+01 5.7629095284e+00 2.2920076908e+01 -3.7004337427e-01 9.2901447844e-01
-2.5456596141e-04 8.1727334979e-05 -1.7225237872e+01 2.0794841897e+01 -1.7892611630e+01 3.6005020043e+01 3.2285832631e+00 -3.8346432765e+01 3.2285832631e+00 3.8346432765e+01 1.0000000000e+00 1.5328501022e+01 1.4200763403e+01 5.7707245971e+00 2.2960692578e+01 -3.7647024903e-01 9.2642870832e-01
-2.6206569171e-04 7.8616079373e-05 -1.7822084933e+01 2.1477544227e+01 -1.6501095789e+01 3.7199042094e+01 4.3152866057e+00 -3.8638467328e+01 4.3152866057e+00 3.8638467328e+01 1.0000000000e+00 1.4802893986e+01 1.3636912037e+01 5.7584981076e+00 2.3038691840e+01 -3.8901164279e-01 9.2123283798e-01
-2.6455615180e-04 7.7556470940e-05 -1.8104986052e+01 2.1675239953e+01 -1.6017686533e+01 3.7567066898e+01 4.6280198934e+00 -3.8750692479e+01 4.6280198934e+00 3.8750692479e+01 1.0000000000e+00 1.4516851367e+01 1.3336666576e+01 5.7334368622e+00 2.3075655646e+01 -3.9495044188e-01 9.1870242650e-01
-2.6704160182e-04 7.6486356977e-05 -1.8410191379e+01 2.1864535968e+01 -1.5516611596e+01 3.7933219315e+01 4.9373528952e+00 -3.8864155870e+01 4.9373528952e+00 3.8864155870e+01 1.0000000000e+00 1.4516851367e+01 1.3336666576e+01 5.7334368622e+00 2.3075655646e+01 -3.9495044188e-01 9.1870242650e-01
-2.6952194712e-04 7.5406285963e-05 -1.8732449171e+01 2.2053322706e+01 -1.4997835009e+01 3.8306901060e+01 5.2513575487e+00 -3.8981641729e+01 5.2513575487e+00 3.8981641729e+01 1.0000000000e+00 1.4210732626e+01 1.3020950267e+01 5.6920801052e+00 2.3111259273e+01 -4.0054796997e-01 9.1627579022e-01
-2.7446763523e-04 7.3218817493e-05 -1.9383514233e+01 2.2434296752e+01 -1.3907534935e+01 3.9108759101e+01 5.9339280106e+00 -3.9224977179e+01 5.9339280106e+00 3.9224977179e+01 1.0000000000e+00 1.3885421776e+01 1.2691417480e+01 5.6331927213e+00 2.3144623522e+01 -4.0569114949e-01 9.1401022490e-01
-2.7939469515e-04 7.1000148252e-05 -1.9949785973e+01 2.2847254274e+01 -1.2743260859e+01 4.0041562949e+01 6.7714837316e+00 -3.9464530563e+01 6.7714837316e+00 3.9464530563e+01 1.0000000000e+00 1.3172815431e+01 1.1990816431e+01 5.4537498735e+00 2.3203188569e+01 -4.1401550809e-01 9.1026982761e-01
-2.8185217709e-04 6.9881709845e-05 -2.0204776116e+01 2.3082451197e+01 -1.2122995619e+01 4.0550867057e+01 7.2481681437e+00 -3.9575939878e+01 7.2481681437e+00 3.9575939878e+01 1.0000000000e+00 1.2779695031e+01 1.1617137140e+01 5.3256670701e+00 2.3227292235e+01 -4.1672880748e-01 9.0903085812e-01
-2.8430641136e-04 6.8758982746e-05 -2.0425197945e+01 2.3336781642e+01 -1.1482108436e+01 4.1107473639e+01 7.7797577804e+00 -3.9687064161e+01 7.7797577804e+00 3.9687064161e+01 1.0000000000e+00 1.2779695031e+01 1.1617137140e+01 5.3256670701e+00 2.3227292235e+01 -4.1672880748e-01 9.0903085812e-01
-2.8920848499e-04 6.6507497445e-05 -2.0666057474e+01 2.3947137767e+01 -1.0132189494e+01 4.2399467564e+01 9.0802205274e+00 -3.9878467495e+01 9.0802205274e+00 3.9878467495e+01 1.0000000000e+00 1.1912241920e+01 1.0824160694e+01 4.9738368309e+00 2.3260569132e+01 -4.1753994457e-01 9.0865856882e-01
-2.9411030482e-04 6.4263504282e-05 -2.0498370185e+01 2.4774489904e+01 -8.6803635062e+00 4.3995887268e+01 1.0811670512e+01 -3.9990404203e+01 1.0811670512e+01 3.9990404203e+01 1.0000000000e+00 1.1432047018e+01 1.0403833338e+01 4.7383489632e+00 2.3266720047e+01 -4.1447948524e-01 9.1005865543e-01
-2.9656545625e-04 6.3152132352e-05 -2.0150637842e+01 2.5291976895e+01 -7.9342349142e+00 4.4960484074e+01 1.1915511205e+01 -4.0000383961e+01 1.1915511205e+01 4.0000383961e+01 1.0000000000e+00 1.0921076320e+01 9.9715112835e+00 4.4540847227e+00 2.3263153444e+01 -4.0784301767e-01 9.1305206474e-01
-2.9902657934e-04 6.2053763352e-05 -1.9602922497e+01 2.5974663468e+01 -7.1437868039e+00 4.6064581442e+01 1.3222043845e+01 -3.9968753146e+01 1.3222043845e+01 3.9968753146e+01 1.0000000000e+00 1.0921076320e+01 9.9715112835e+00 4.4540847227e+00 2.3263153444e+01 -4.0784301767e-01 9.1305206474e-01
-3.0149750449e-04 6.0974167663e-05 -1.8649864861e+01 2.6749173614e+01 -6.3579290878e+00 4.7294366212e+01 1.4801518089e+01 -3.9809312038e+01 1.4801518089e+01 3.9809312038e+01 1.0000000000e+00 1.0366023348e+01 9.5181145008e+00 4.1060852895e+00 2.3245728779e+01 -3.9610997888e-01 9.1820307375e-01
-3.1157648647e-04 5.7055181367e-05 -8.6648197740e+00 3.2164199146e+01 -4.3378762783e+00 5.4861167053e+01 2.5172761540e+01 -3.8175457592e+01 2.5172761540e+01 3.8175457592e+01 1.0000000000e+00 8.5340118499e+00 8.1766650788e+00 2.4436665982e+00 2.2995369941e+01 -2.8634441119e-01 9.5812675476e-01
-3.1994412561e-04 5.5638980697e-05 3.8547209176e+01 2.1797495678e+01 -5.7279364446e+00 5.4707753689e+01 4.7995172685e+01 -1.5175899954e+01 4.7995172685e+01 1.5175899954e+01 1.0000000000e+00 1.3415619848e+01 1.3368469949e+01 1.1237736176e+00 2.2629834750e+01 -8.3766060037e-02 9.9648544755e-01
-3.2522596850e-04 5.4727036244e-05 4.4509645163e+01 2.9263407134e+01 3.2690243984e+00 6.2201891266e+01 5.9801613447e+01 -1.2022943886e+01 5.9801613447e+01 1.2022943881e+01 1.0000000000e+00 1.6513171772e+01 1.5983075235e+01 4.1504394942e+00 2.2939703845e+01 -2.5134114460e-01 9.6789856340e-01
-3.3072634890e-04 5.2595838281e-05 4.7545071217e+01 3.8927438089e+01 1.2774585139e+01 7.3705544686e+01 7.2713744243e+01 -1.2394087887e+01 7.2713744243e+01 1.2394087912e+01 1.0000000000e+00 1.5906248938e+01 1.4399390598e+01 6.7576849343e+00 2.3507566545e+01 -4.2484466078e-01 9.0526626702e-01
-3.3613813805e-04 4.9959592346e-05 4.6310118523e+01 4.1456899197e+01 1.6978036201e+01 7.6163588439e+01 7.5617145649e+01 -1.2328990926e+01 7.5617145649e+01 1.2328990798e+01 1.0000000000e+00 1.5002904330e+01 1.3339958733e+01 6.8653215015e+00 2.3611200686e+01 -4.5759949878e-01 8.8915842161e-01
-3.4151065686e-04 4.6972263444e-05 4.7836395682e+01 4.5359024554e+01 2.2291365035e+01 8.1586365814e+01 8.2167790623e+01 -1.2040029907e+01 8.2167790623e+01 1.2040030356e+01 1.0000000000e+00 1.3399215878e+01 1.1504626920e+01 6.8689552041e+00 2.3773943530e+01 -5.1263859515e-01 8.5860449030e-01
-3.4687156242e-04 4.3687001896e-05 5.0195464229e+01 4.9418766906e+01 2.7644494068e+01 8.7772636454e+01 8.9595534433e+01 -1.1755576136e+01 8.9595534433e+01 1.1755576172e+01 1.0000000000e+00 1.2630944769e+01 1.0686333841e+01 6.7337236939e+00 2.3829470133e+01 -5.3311322449e-01 8.4604390541e-01
-3.5763877827e-04 3.6291885963e-05 5.8202702413e+01 5.9955619381e+01 4.0894843925e+01 1.0487691248e+02 1.1009948682e+02 -1.1001940481e+01 1.1009948682e+02 1.1002027454e+01 1.0000000000e+00 9.7256942508e+00 7.7974938786e+00 5.8127633594e+00 2.3972892076e+01 -5.9767078931e-01 8.0174162148e-01
-3.6858907452e-04 2.7765072976e-05 7.1788927347e+01 7.6093198624e+01 6.0504507844e+01 1.3211540591e+02 1.4242358276e+02 -1.0130147569e+01 1.4242358276e+02 1.0134185540e+01 1.0000000000e+00 7.6059054083e+00 5.8695843102e+00 4.8371248802e+00 2.4017309209e+01 -6.3596963418e-01 7.7171408203e-01
-3.7989459468e-04 1.7908234893e-05 9.8062606114e+01 1.0613432321e+02 9.5903085564e+01 1.8367238952e+02 2.0302614937e+02 -9.0604576943e+00 2.0302614937e+02 9.0952751573e+00 1.0000000000e+00 4.6877628941e+00 3.4463130792e+00 3.1777424551e+00 2.3995671548e+01 -6.7788037214e-01 7.3517222544e-01
6.4242661425e-05 1.3742033316e-04 -5.5789351063e+01 -2.0239433769e+01 -4.4225042198e+01 3.6320941103e+01 -2.9037291508e+01 -7.0977101754e+01 1.8082306947e-03 7.0977249874e+01 1.0000000000e+00 6.9001083750e+00 6.5184110162e+00 2.2631423751e+00 2.0350160209e+01 -3.2798649704e-01 9.4468241106e-01
1.8265894109e-04 1.6374290586e-04 4.6413470419e+00 -5.2607638012e+00 -1.2071479442e+01 1.7100777068e+01 6.1580720434e+00 -1.3588204443e+01 6.1580752876e+00 1.3588204443e+01 1.0000000000e+00 2.9777970399e+01 2.9564214796e+01 -3.5615620965e+00 1.7138906563e+01 1.1960392360e-01 9.9282168664e-01
3.0428411068e-04 1.1942140497e-04 -3.1419197758e+00 -8.2719796542e+00 -5.1361637926e+00 1.4429673156e+01 4.1919338967e+00 -1.2470017465e+01 4.1919338967e+00 1.2470017465e+01 1.0000000000e+00 2.0100886058e+01 1.6829885171e+01 -1.0990931964e+01 1.4457689905e+01 5.4678843172e-01 8.3727081099e-01
3.6016127378e-04 6.8248367093e-05 -5.8679258383e+00 -1.0227977931e+01 5.2663897020e+00 2.0164746698e+01 1.1341353866e+01 -1.1942890002e+01 1.1341353866e+01 1.1942890002e+01 1.0000000000e+00 8.5914854819e+00 5.1031710512e+00 -6.9116762083e+00 1.3591425319e+01 8.0447976347e-01 5.9398005873e-01
7.2849158156e-05 1.4083712057e-04 -3.4772205464e+01 -6.1361884216e+00 -3.9175660651e+01 8.2543477513e+00 -3.2208283162e+01 -4.1739582954e+01 -7.1217085060e-01 4.1667725870e+01 1.0000000000e+00 5.5662525811e+00 4.1578940521e+00 3.7006870779e+00 2.1175025963e+01 -6.6484354131e-01 7.4698264074e-01
1.6389545252e-04 1.6506477433e-04 6.4189055444e+00 -4.5825969231e+00 -1.2731554166e+01 1.8382011070e+01 7.4565347288e+00 -1.3769183350e+01 7.4565741751e+00 1.3769183350e+01 1.0000000000e+00 3.1033639433e+01 3.1004647846e+01 -1.3411146221e+00 1.7668631553e+01 4.3214867691e-02 9.9906580124e-01
2.0051625275e-04 1.6050569546e-04 3.0131166890e+00 -5.8096149760e+00 -1.1419907763e+01 1.6043819976e+01 5.0595082452e+00 -1.3466299319e+01 5.0595074301e+00 1.3466299319e+01 1.0000000000e+00 2.8592968751e+01 2.8084218037e+01 -5.3697820488e+00 1.6664082941e+01 1.8780078752e-01 9.8220713916e-01
3.7067272016e-04 5.2858293704e-05 -6.1949096281e+00 -1.0957669453e+01 9.9171481870e+00 2.3547107809e+01 1.5456048311e+01 -1.1733809752e+01 1.5456048311e+01 1.1733809776e+01 1.0000000000e+00 5.8800244947e+00 3.1158800855e+00 -4.9865799252e+00 1.3584084427e+01 8.4805427762e-01 5.2990937169e-01
-3.5422926721e-04 3.5884201634e-05 5.6404282332e+01 5.4424916258e+01 3.1964321508e+01 9.6581374274e+01 9.9945584356e+01 -1.1576980516e+01 9.9945584356e+01 1.1576960903e+01 1.0000000000e+00 1.0438182762e+01 8.4768312402e+00 6.0908941460e+00 2.3946577422e+01 -5.8352054997e-01 8.1209837321e-01
2.3123211521e-04 1.5293208454e-04 8.5441345326e-01 -6.5601468954e+00 -1.0118501920e+01 1.4811088848e+01 3.9191419003e+00 -1.3183230367e+01 3.9191418020e+00 1.3183230367e+01 1.0000000000e+00 2.6648000642e+01 2.5502099555e+01 -7.7303852771e+00 1.5965399148e+01 2.9009250566e-01 9.5699860928e-01
2.8865466130e-04 1.2922853644e-04 -2.3362433722e+00 -7.8622798838e+00 -6.5756722894e+00 1.4103144434e+01 3.6864964043e+00 -1.2598412066e+01 3.6864964043e+00 1.2598412066e+01 1.0000000000e+00 2.2105825852e+01 1.9380269251e+01 -1.0633564800e+01 1.4801781812e+01 4.8102997243e-01 8.7670414943e-01
6.8370035092e-05 1.3878311949e-04 -4.7912121361e+01 -2.0111724853e+01 -4.9165618669e+01 3.4481287346e+01 -2.8631089484e+01 -6.8446650546e+01 5.1329249139e-02 6.8450069194e+01 1.0000000000e+00 5.4285641908e+00 4.9401298611e+00 2.2504279879e+00 2.0617408741e+01 -4.1455307681e-01 9.1002513510e-01
1.9142847681e-04 1.6259183422e-04 3.8747008543e+00 -5.5296985289e+00 -1.1752159858e+01 1.6577737933e+01 5.6324319560e+00 -1.3509890960e+01 5.6324332311e+00 1.3509890960e+01 1.0000000000e+00 2.9300497260e+01 2.8979788391e+01 -4.3233094375e+00 1.6945811057e+01 1.4755071899e-01 9.8905449057e-01
2.0962333162e-04 1.5924734322e-04 2.4297857919e+00 -6.0214081838e+00 -1.1048357821e+01 1.5651354009e+01 4.7270274355e+00 -1.3345599465e+01 4.7270280355e+00 1.3345599465e+01 1.0000000000e+00 2.8119199461e+01 2.7468737690e+01 -6.0131379533e+00 1.6482914433e+01 2.1384456416e-01 9.7686769953e-01
2.9637974746e-04 1.2480079420e-04 -2.7335585932e+00 -8.0507583833e+00 -5.9032943935e+00 1.4210830802e+01 3.8862004954e+00 -1.2523053482e+01 3.8862004954e+00 1.2523053482e+01 1.0000000000e+00 2.0947327005e+01 1.7887995788e+01 -1.0900005292e+01 1.4591834094e+01 5.2035304022e-01 8.5395123604e-01
3.9062530903e-04 1.2616887067e-05 -8.8111306695e-01 -1.9658954101e+01 3.5174314545e+01 4.5949322266e+01 4.3675454319e+01 -9.3822528406e+00 4.3675454319e+01 9.2306563586e+00 1.0000000000e+00 3.8366449221e-02 1.4364298891e-02 -3.5575993917e-02 1.3968152923e+01 9.2726834616e-01 3.7439740145e-01
-2.0761961986e-04 4.0706414475e-05 9.6736883526e+01 3.6686258619e+01 -3.1498178691e+01 1.2794516385e+02 1.0648852721e+02 -4.1249822372e+01 1.0648852721e+02 4.1249822372e+01 0.0000000000e+00 nan nan nan nan nan nan
1.2001021432e-04 6.7885528965e-05 1.4178999566e+01 -2.8682530555e+00 -2.2722121304e+01 3.2343900605e+01 1.4402198852e+01 -2.2945320590e+01 1.4402199290e+01 2.2945320590e+01 0.0000000000e+00 nan nan nan nan nan nan
2.7390654335e-04 6.8080745167e-05 -2.5919689722e+00 -7.5443865112e+00 -1.0651376478e+01 1.4812918726e+01 1.9305698892e+00 -1.5173915339e+01 1.9305219983e+00 1.5173915339e+01 0.0000000000e+00 nan nan nan nan nan nan
2.0506341723e-04 9.5047969307e-05 -5.4240932036e+00 -3.3412808323e+00 -1.4555715258e+01 9.7964956956e+00 -4.3338948039e+00 -1.5645913658e+01 7.2082349578e-07 1.5645913658e+01 0.0000000000e+00 nan nan nan nan nan nan
1.8587420729e-04 1.2185954060e-04 -5.0509318302e+00 -3.8441607008e+00 -1.3778306359e+01 1.0071169528e+01 -3.6000266567e+00 -1.5229211533e+01 -1.2195730431e-04 1.5229211533e+01 0.0000000000e+00 nan nan nan nan nan nan
1.6330968707e-04 1.2112030328e-04 -7.7119249364e+00 -1.5801566196e+00 -1.5686552547e+01 7.4172641122e+00 -7.4168793098e+00 -1.5981598173e+01 7.7601688334e-06 1.5981598173e+01 0.0000000000e+00 nan nan nan nan nan nan
7.5414358296e-05 9.4229263538e-05 4.8228739935e+00 2.0880905831e+00 -2.2478299362e+01 2.3926030826e+01 4.9859876536e+00 -2.2641413022e+01 4.9861319547e+00 2.2641413022e+01 0.0000000000e+00 nan nan nan nan nan nan
-2.0763253474e-04 6.8284113578e-05 3.1962785021e+01 2.8920971377e+01 -2.5757054667e+01 7.0763459060e+01 4.3958167314e+01 -3.7752436960e+01 4.3958167314e+01 3.7752436960e+01 0.0000000000e+00 nan nan nan nan nan nan
3.1637615449e-04 4.2074626227e-05 -1.1772744278e+00 -1.0776043206e+01 -6.5632766937e+00 1.9236067441e+01 7.2356731543e+00 -1.4976224276e+01 7.2356731542e+00 1.4976224276e+01 0.0000000000e+00 nan nan nan nan nan nan
2.5216485730e-04 3.9417927236e-05 3.6101783933e+00 -7.8367542374e+00 -1.4086652607e+01 2.0536564787e+01 6.6185541012e+00 -1.7095028315e+01 6.3700189050e+00 1.7095028315e+01 0.0000000000e+00 nan nan nan nan nan nan
2.2871884791e-04 3.9523503349e-05 2.2233825853e+01 -1.2637417522e+01 -1.3343638463e+01 3.7793538939e+01 2.6265203575e+01 -1.7375016185e+01 2.6265638892e+01 1.7375016185e+01 0.0000000000e+00 nan nan nan nan nan nan
2.9321620134e-04 9.3854365936e-05 -2.7776193267e+00 -8.8800862648e+00 -6.8152722189e+00 1.5772073224e+01 4.3095649490e+00 -1.3902456495e+01 4.3095649497e+00 1.3902456495e+01 0.0000000000e+00 nan nan nan nan nan nan
1.6375386106e-04 9.6144826029e-05 -6.2018060813e+00 -1.0492312645e+00 -1.6895989172e+01 9.4417341930e+00 -6.0977098488e+00 -1.7000085405e+01 2.2821603065e-04 1.7000085405e+01 0.0000000000e+00 nan nan nan nan nan nan
-2.9424778802e-04 1.4744919694e-05 1.8212071702e+02 6.8218069368e+01 6.3299617652e+00 1.9270680344e+02 2.0548466423e+02 -1.7033985446e+01 2.0548466423e+02 1.7033985446e+01 0.0000000000e+00 nan nan nan nan nan nan
3.2830699903e-05 6.9000197532e-05 4.0664153874e+01 -6.8798225443e+00 -2.3784764325e+01 5.7070573884e+01 4.1389405969e+01 -2.4510016420e+01 4.1389405969e+01 2.4510016420e+01 0.0000000000e+00 nan nan nan nan nan nan
-1.6462215602e-04 9.5073742648e-05 6.8288361109e+00 1.6291986255e+01 -2.8707128689e+01 4.1751674922e+01 1.3166194466e+01 -3.5044487044e+01 1.3166182749e+01 3.5044487044e+01 0.0000000000e+00 nan nan nan nan nan nan
-1.4089232860e-04 9.5264136779e-05 1.0452947153e+01 1.3419617950e+01 -3.0804477508e+01 4.2622993152e+01 1.4432631392e+01 -3.4784161748e+01 1.4432637198e+01 3.4784161748e+01 0.0000000000e+00 nan nan nan nan nan nan
7.5823629595e-05 1.2260499337e-04 -8.5739098365e+00 6.9826308804e+00 -1.7843196794e+01 1.4551961643e+01 -4.8069743434e+00 -2.1610132287e+01 6.8756221879e-02 2.1610132830e+01 0.0000000000e+00 nan nan nan nan nan nan
2.7062100134e-04 9.6593380968e-05 -2.7195419500e+00 -7.8341852316e+00 -9.1212419898e+00 1.4657264532e+01 2.5419836530e+00 -1.4382767593e+01 2.5419862644e+00 1.4382767593e+01 0.0000000000e+00 nan nan nan nan nan nan
1.6463991473e-04 1.4785693175e-04 -6.6132572324e-01 -4.7471660057e+00 -1.3359292655e+01 1.3729920814e+01 9.1666428887e-01 -1.4937282667e+01 8.6649765886e-01 1.4937282667e+01 0.0000000000e+00 nan nan nan nan nan nan
5.4718678313e-05 6.8240811624e-05 3.2806810718e+01 -5.6751618351e+00 -2.2221461260e+01 4.8660850528e+01 3.3387029880e+01 -2.2801680422e+01 3.3387029880e+01 2.2801680422e+01 0.0000000000e+00 nan nan nan nan nan nan
-3.1518410600e-04 1.2717131039e-05 1.5813976039e+02 6.7014424577e+01 8.6250644561e+00 1.7388929337e+02 1.8377744275e+02 -1.7012617913e+01 1.8377744275e+02 1.7012617913e+01 0.0000000000e+00 nan nan nan nan nan nan
2.9335296287e-04 6.7931806748e-05 -2.2789633010e+00 -9.0123949809e+00 -8.2502643266e+00 1.6442572339e+01 4.2285097523e+00 -1.4757737380e+01 4.2285097034e+00 1.4757737380e+01 0.0000000000e+00 nan nan nan nan nan nan
-2.5060951518e-04 6.7339993298e-05 1.1746530647e+01 3.1448289276e+01 -1.6909445403e+01 5.9848467433e+01 3.1972071405e+01 -3.7134986161e+01 3.1972071405e+01 3.7134986161e+01 0.0000000000e+00 nan nan nan nan nan nan
5.4455797460e-05 9.4541671248e-05 1.0266682773e+01 3.1565297699e+00 -2.2302607592e+01 2.8731443417e+01 1.0570144181e+01 -2.2606069001e+01 1.0570106059e+01 2.2606069001e+01 0.0000000000e+00 nan nan nan nan nan nan
9.8610264071e-05 3.9741120790e-05 5.9195124742e+01 -1.4577638501e+01 -2.0298455702e+01 7.3330036134e+01 6.1785450622e+01 -2.2888781582e+01 6.1785450622e+01 2.2888781582e+01 0.0000000000e+00 nan nan nan nan nan nan
1.8411098720e-04 1.3790294131e-05 7.5794695021e+01 -2.2833323293e+01 -1.4765384600e+01 8.7837771448e+01 8.1227816201e+01 -2.0198505780e+01 8.1227816201e+01 2.0198505780e+01 0.0000000000e+00 nan nan nan nan nan nan
1.6439143297e-04 1.2637252468e-05 1.0512575799e+02 -2.6662807760e+01 -1.5845774450e+01 1.1449638444e+02 1.1074451015e+02 -2.1464526604e+01 1.1074451015e+02 2.1464526604e+01 0.0000000000e+00 nan nan nan nan nan nan
1.4140452160e-04 1.3618911338e-05 1.3251375735e+02 -3.1746225585e+01 -1.6491425549e+01 1.4027300085e+02 1.3899782070e+02 -2.2975488901e+01 1.3899782070e+02 2.2975488901e+01 0.0000000000e+00 nan nan nan nan nan nan
9.9446280431e-05 1.2745928070e-05 1.9717700958e+02 -4.1586465468e+01 -1.5114772631e+01 1.9745731021e+02 2.0503314968e+02 -2.2970912733e+01 2.0503314968e+02 2.2970912733e+01 0.0000000000e+00 nan nan nan nan nan nan
7.7207268703e-05 1.2595670234e-05 1.9339727511e+02 -3.3072097506e+01 -2.0409338677e+01 1.9381501485e+02 1.9839311921e+02 -2.5405182780e+01 1.9839311921e+02 2.5405182780e+01 0.0000000000e+00 nan nan nan nan nan nan
5.4745220630e-05 1.2404796870e-05 1.8675720686e+02 -2.4083879316e+01 -2.8268242979e+01 1.9082998944e+02 1.8942022771e+02 -3.0931263830e+01 1.8942022771e+02 3.0931263830e+01 0.0000000000e+00 nan nan nan nan nan nan
2.2695588153e-04 1.4389642406e-05 4.0158751298e+01 -1.8951699440e+01 -1.3492275142e+01 5.6889715967e+01 4.6178530906e+01 -1.9512054750e+01 4.6178530907e+01 1.9512054750e+01 0.0000000000e+00 nan nan nan nan nan nan
2.0716218203e-04 1.2986376701e-05 5.8226189810e+01 -2.1642841052e+01 -1.3675046164e+01 7.2683676128e+01 6.4239511801e+01 -1.9688368155e+01 6.4239511801e+01 1.9688368155e+01 0.0000000000e+00 nan nan nan nan nan nan
2.5024791909e-04 6.6958730930e-05 -3.3509890642e+00 -5.6100585905e+00 -1.3070338540e+01 1.2853748419e+01 -7.8954869227e-01 -1.5631778912e+01 -6.3929016273e-04 1.5631778912e+01 0.0000000000e+00 nan nan nan nan nan nan
1.4162246349e-04 1.4966852374e-04 -1.7705394037e+00 -3.2369184218e+00 -1.4833245664e+01 1.2623274723e+01 -1.0138414744e+00 -1.5589943593e+01 -1.5903074381e-01 1.5589943593e+01 0.0000000000e+00 nan nan nan nan nan nan
2.7063930153e-04 1.4430098516e-05 2.4525908179e+01 -1.9568320269e+01 -1.0431216866e+01 4.5440080033e+01 3.3282188096e+01 -1.9187496782e+01 3.3282188544e+01 1.9187496782e+01 0.0000000000e+00 nan nan nan nan nan nan
3.1596786831e-04 9.4695956906e-05 -3.5061941789e+00 -9.4331127105e+00 -3.7933453091e+00 1.6338790472e+01 5.7834353334e+00 -1.3082974821e+01 5.7834353334e+00 1.3082974821e+01 0.0000000000e+00 nan nan nan nan nan nan
-3.1358127986e-05 1.3414066294e-05 1.7378838406e+02 -4.3451270908e+00 -4.8743779748e+01 1.9286488805e+02 1.7387289719e+02 -4.8828292880e+01 1.7387289719e+02 4.8828292880e+01 0.0000000000e+00 nan nan nan nan nan nan
-1.2216159579e-05 1.3482519904e-05 1.7489212732e+02 -7.9039761501e+00 -4.6187893242e+01 1.9194912663e+02 1.7517399697e+02 -4.6469762887e+01 1.7517399697e+02 4.6469762887e+01 0.0000000000e+00 nan nan nan nan nan nan
1.1894450411e-04 1.4791450586e-05 1.5810051864e+02 -3.6462075165e+01 -1.5595764744e+01 1.6314738341e+02 1.6544556268e+02 -2.2940808779e+01 1.6544556268e+02 2.2940808779e+01 0.0000000000e+00 nan nan nan nan nan nan
-2.2836968392e-04 6.6976503911e-05 2.5451583847e+01 3.1574918668e+01 -2.1646529068e+01 6.8219801359e+01 4.1289248068e+01 -3.7484193290e+01 4.1289248068e+01 3.7484193290e+01 0.0000000000e+00 nan nan nan nan nan nan
2.2788370665e-04 9.3988377187e-05 -4.1338218635e+00 -5.0806512536e+00 -1.2836683249e+01 1.1584965262e+01 -1.7966697437e+00 -1.5173835369e+01 -1.5661086705e-04 1.5173835369e+01 0.0000000000e+00 nan nan nan nan nan nan
3.3421287592e-05 1.3791909892e-05 1.7829928637e+02 -1.7919196536e+01 -3.5019016541e+01 1.8732661662e+02 1.7979320745e+02 -3.6512937621e+01 1.7979320745e+02 3.6512937621e+01 0.0000000000e+00 nan nan nan nan nan nan
-7.7365339139e-05 1.3352557400e-05 1.7249518879e+02 4.1369943111e+00 -5.1036185780e+01 1.9371590466e+02 1.7257143121e+02 -5.1112428202e+01 1.7257143121e+02 5.1112428202e+01 0.0000000000e+00 nan nan nan nan nan nan
1.8484586465e-04 6.8488089337e-05 2.2897495931e-01 -4.2728465811e+00 -1.5941081534e+01 1.5845799094e+01 1.2925230849e+00 -1.7004629659e+01 1.0539327324e+00 1.7004629659e+01 0.0000000000e+00 nan nan nan nan nan nan
1.4220124654e-04 9.5389729259e-05 -4.0181705782e+00 -1.4596843486e+00 -1.6849736557e+01 1.1402726437e+01 -3.8505863894e+00 -1.7017320746e+01 -8.6977923341e-03 1.7017320746e+01 0.0000000000e+00 nan nan nan nan nan nan
2.7404009358e-04 1.2333701245e-04 -2.1035508047e+00 -7.8552036088e+00 -7.8658455664e+00 1.4491133827e+01 3.3817618301e+00 -1.3351158201e+01 3.3817618281e+00 1.3351158201e+01 0.0000000000e+00 nan nan nan nan nan nan
3.2671367666e-05 1.2365211584e-04 -3.3864345352e+01 -8.2393455915e+00 -3.5061163810e+01 1.4218596466e+01 -2.6253644084e+01 -4.2671865078e+01 1.3168101148e-06 4.2671865078e+01 0.0000000000e+00 nan nan nan nan nan nan
-1.6272441081e-04 4.1107821373e-05 9.9620735287e+01 2.4160199539e+01 -3.9541610240e+01 1.2757461312e+02 1.0369479975e+02 -4.3615674702e+01 1.0369479975e+02 4.3615674702e+01 0.0000000000e+00 nan nan nan nan nan nan
3.5884462502e-04 1.5624230904e-05 8.1492533991e-01 -1.4816012505e+01 5.1065199645e+00 2.5926024176e+01 1.7929119689e+01 -1.2007674385e+01 1.7929119689e+01 1.2007679627e+01 0.0000000000e+00 nan nan nan nan nan nan
2.9390533199e-04 1.2166438740e-05 2.1141207492e+01 -2.0053017578e+01 -6.6397590185e+00 4.2250315890e+01 3.1643955489e+01 -1.7142507016e+01 3.1643955511e+01 1.7142507016e+01 0.0000000000e+00 nan nan nan nan nan nan
1.1025210185e-05 9.4244732826e-05 1.0667087934e+01 -6.2841416121e+00 -3.4787147163e+01 4.0840430588e+01 1.1519203980e+01 -3.5639263208e+01 1.1518203342e+01 3.5639263208e+01 0.0000000000e+00 nan nan nan nan nan nan
-1.0350815201e-05 9.4352294654e-05 1.0488323938e+01 -6.2842138413e+00 -3.6099152980e+01 4.1787602111e+01 1.1320668807e+01 -3.6931497849e+01 1.1319821708e+01 3.6931497849e+01 0.0000000000e+00 nan nan nan nan nan nan
1.8412527455e-04 1.5088643754e-04 9.8736313564e-01 -5.5857811233e+00 -1.2340665078e+01 1.5059612849e+01 3.0180205613e+00 -1.4371322504e+01 3.0191806877e+00 1.4371322504e+01 0.0000000000e+00 nan nan nan nan nan nan
3.1437093254e-04 1.3252966612e-05 -1.6711935010e+00 -1.0044929765e+01 -9.9998878717e+00 1.8832213479e+01 5.0372428353e+00 -1.6708324208e+01 5.0372428353e+00 1.6708324208e+01 0.0000000000e+00 nan nan nan nan nan nan
9.8874819014e-05 9.4804562313e-05 3.6415007467e-01 1.6370717707e+00 -2.2691716990e+01 2.0176092648e+01 4.8488906381e-01 -2.2812455979e+01 5.4874288964e-01 2.2812455979e+01 0.0000000000e+00 nan nan nan nan nan nan
-1.8575454838e-04 6.8199468136e-05 3.8875132193e+01 2.5528409946e+01 -2.9671965293e+01 7.4018499849e+01 4.7336184263e+01 -3.8133017363e+01 4.7336184263e+01 3.8133017363e+01 0.0000000000e+00 nan nan nan nan nan nan
-1.1481542541e-05 4.0768930225e-05 1.0281411964e+02 -8.3905675868e+00 -4.1044042293e+01 1.2542902123e+02 1.0330151784e+02 -4.1531440501e+01 1.0330151784e+02 4.1531440501e+01 0.0000000000e+00 nan nan nan nan nan nan
-5.4742861911e-05 4.1957117285e-05 1.0026775045e+02 -7.9862661303e-01 -4.4973943536e+01 1.2578993980e+02 1.0027175906e+02 -4.4977952146e+01 1.0027175906e+02 4.4977952146e+01 0.0000000000e+00 nan nan nan nan nan nan
-7.7261626334e-05 4.0272870052e-05 1.0355219276e+02 3.7799408167e+00 -4.5561259816e+01 1.2930111713e+02 1.0364750125e+02 -4.5656568314e+01 1.0364750125e+02 4.5656568314e+01 0.0000000000e+00 nan nan nan nan nan nan
-9.8031274284e-05 4.0347681883e-05 1.0294343936e+02 8.2914592875e+00 -4.5043529104e+01 1.2896166690e+02 1.0340600823e+02 -4.5506097978e+01 1.0340600823e+02 4.5506097978e+01 0.0000000000e+00 nan nan nan nan nan nan
3.3953536477e-04 4.0973397475e-05 -1.3588008930e+00 -1.3015632332e+01 -6.4467356601e-01 2.2547644793e+01 1.2016151562e+01 -1.4019626021e+01 1.2016151562e+01 1.4019626021e+01 0.0000000000e+00 nan nan nan nan nan nan
-5.4446948829e-05 9.4879819786e-05 1.2022179874e+01 -6.3098602468e-01 -3.5591455919e+01 4.1248072886e+01 1.2029947961e+01 -3.5599224007e+01 1.2030088930e+01 3.5599224007e+01 0.0000000000e+00 nan nan nan nan nan nan
-3.1757460017e-05 9.5318056545e-05 1.0100468236e+01 -4.0343278275e+00 -3.6014261511e+01 4.0542458221e+01 1.0450302530e+01 -3.6364095805e+01 1.0449863595e+01 3.6364095805e+01 0.0000000000e+00 nan nan nan nan nan nan
1.6451592241e-04 4.1469976255e-05 2.9345306135e+01 -9.9460868307e+00 -1.7058490695e+01 4.3723782102e+01 3.1387345087e+01 -1.9100529647e+01 3.1387345083e+01 1.9100529647e+01 0.0000000000e+00 nan nan nan nan nan nan
-2.5073144068e-04 1.4113077548e-05 2.0213406318e+02 5.2218770744e+01 -2.4654448287e+01 2.1622331966e+02 2.1357639926e+02 -3.6096784365e+01 2.1357639926e+02 3.6096784365e+01 0.0000000000e+00 nan nan nan nan nan nan
2.0759165896e-04 1.5061674384e-04 9.6036315960e-01 -6.1765962871e+00 -1.1304934874e+01 1.5074662499e+01 3.5310745946e+00 -1.3875646309e+01 3.5310514356e+00 1.3875646309e+01 0.0000000000e+00 nan nan nan nan nan nan
-2.9449040600e-04 4.0103168117e-05 6.1012047851e+01 3.6344705903e+01 -2.5330631881e-01 8.2338259466e+01 7.7917387033e+01 -1.7158645501e+01 7.7917387033e+01 1.7158645501e+01 0.0000000000e+00 nan nan nan nan nan nan
3.5372241836e-04 7.1083773636e-05 -5.3128649946e+00 -1.0445818380e+01 3.5814300786e+00 1.9660012216e+01 1.0484995887e+01 -1.2216430803e+01 1.0484995887e+01 1.2216430803e+01 0.0000000000e+00 nan nan nan nan nan nan
-2.4125380977e-04 8.1441824401e-05 -7.2612508230e+00 2.2748575779e+01 -1.9774216900e+01 4.0856363930e+01 1.0070698851e+01 -3.7106166575e+01 1.0070698851e+01 3.7106166575e+01 0.0000000000e+00 nan nan nan nan nan nan
-1.1868943095e-04 4.0497275362e-05 1.0221160888e+02 1.3058630252e+01 -4.3929821809e+01 1.2856624132e+02 1.0336864757e+02 -4.5086860498e+01 1.0336864757e+02 4.5086860498e+01 0.0000000000e+00 nan nan nan nan nan nan
2.5127510747e-04 9.5994097815e-05 -3.1226493182e+00 -6.7265258827e+00 -1.0871468472e+01 1.3444313839e+01 7.6501931902e-01 -1.4759137109e+01 7.6449817828e-01 1.4759137109e+01 0.0000000000e+00 nan nan nan nan nan nan
-2.4934170531e-04 4.0083614057e-05 8.6833228261e+01 4.6453963062e+01 -1.8186797451e+01 1.2142711227e+02 1.0442919136e+02 -3.5782760551e+01 1.0442919136e+02 3.5782760551e+01 0.0000000000e+00 nan nan nan nan nan nan
-2.2320647291e-04 8.8810665518e-05 -5.9856305257e+00 2.0248666568e+01 -2.2615270312e+01 3.7907588535e+01 7.5855060261e+00 -3.6186406863e+01 7.5855060261e+00 3.6186406863e+01 1.0000000000e+00 1.6913033935e+01 1.6012925816e+01 5.4439805020e+00 2.2610543030e+01 -3.2188077685e-01 9.4678020971e-01
-2.2525053362e-04 8.6709778986e-05 -4.4724624922e+00 2.1170990013e+01 -2.2231482803e+01 3.9759302733e+01 9.6030714879e+00 -3.6307016783e+01 9.6030714879e+00 3.6307016783e+01 0.0000000000e+00 nan nan nan nan nan nan
2.5038157524e-04 1.3334213573e-05 2.8592271367e+01 -1.7667442938e+01 -1.3548782132e+01 4.7626221691e+01 3.5018756531e+01 -1.9975267296e+01 3.5018756470e+01 1.9975267296e+01 0.0000000000e+00 nan nan nan nan nan nan
1.6300296995e-04 6.9557236118e-05 8.0057000315e+00 -6.6214772383e+00 -1.5244783836e+01 2.3181722879e+01 9.7644320426e+00 -1.7003515847e+01 9.7583008212e+00 1.7003515847e+01 0.0000000000e+00 nan nan nan nan nan nan
1.8652758515e-04 3.9370186086e-05 2.6614462424e+01 -1.0945771489e+01 -1.5212648444e+01 4.0885084945e+01 2.9305921789e+01 -1.7904107809e+01 2.9305921322e+01 1.7904107809e+01 0.0000000000e+00 nan nan nan nan nan nan
9.8023266757e-05 1.2117865071e-04 -1.0188920748e+01 4.2275959812e+00 -2.1252728268e+01 1.2082954967e+01 -8.7447272053e+00 -2.2696921811e+01 1.7709035552e-06 2.2696922181e+01 0.0000000000e+00 nan nan nan nan nan nan
-1.3892369072e-04 1.0964419755e-04 -3.2558502027e+00 1.1554761238e+01 -2.9317794950e+01 3.0163264819e+01 1.1279464868e+00 -3.3701591639e+01 1.0784090783e+00 3.3701591639e+01 0.0000000000e+00 nan nan nan nan nan nan
-3.3889449408e-04 4.0734426710e-05 4.3294918133e+01 3.6168094392e+01 9.1446254671e+00 6.9198364151e+01 6.6171465970e+01 -1.3731922370e+01 6.6171465970e+01 1.3731922015e+01 0.0000000000e+00 nan nan nan nan nan nan
-2.7593612146e-04 6.6782471434e-05 -6.8916568269e+00 2.8212500804e+01 -1.1767470193e+01 4.9013913577e+01 1.8968632689e+01 -3.7627759708e+01 1.8968632689e+01 3.7627759708e+01 0.0000000000e+00 nan nan nan nan nan nan
-1.1497226545e-04 1.1431011667e-04 -5.6580732996e+00 8.9121463708e+00 -3.0189137306e+01 2.6257972536e+01 -2.7635577907e+00 -3.3083652815e+01 2.0690019407e-02 3.3083652815e+01 0.0000000000e+00 nan nan nan nan nan nan
-1.4163095008e-04 1.1030925219e-04 -4.1325050648e+00 1.1716615296e+01 -2.9091293791e+01 2.9644865487e+01 5.0357164121e-01 -3.3727370497e+01 3.7123097869e-01 3.3727370497e+01 1.0000000000e+00 1.8946760440e+01 1.8583222930e+01 3.6937185447e+00 2.1609560525e+01 -1.9495251214e-01 9.8081268243e-01
-2.5267095153e-04 7.7796154718e-05 -9.5265183526e+00 2.3792917934e+01 -1.7655564401e+01 4.1788865057e+01 1.0535771113e+01 -3.7717853866e+01 1.0535771113e+01 3.7717853866e+01 1.0000000000e+00 1.5328501022e+01 1.4200763403e+01 5.7707245971e+00 2.2960692578e+01 -3.7647024903e-01 9.2642870832e-01
-2.5508405874e-04 7.6197298354e-05 -8.5352908498e+00 2.4617478159e+01 -1.6992678275e+01 4.3244203054e+01 1.2203067712e+01 -3.7731036837e+01 1.2203067712e+01 3.7731036837e+01 0.0000000000e+00 nan nan nan nan nan nan
-1.6295513595e-04 1.0583611828e-04 -3.5193693004e+00 1.3985187578e+01 -2.7975090817e+01 3.2173059376e+01 2.8278944325e+00 -3.4322354550e+01 2.8542755921e+00 3.4322354550e+01 1.0000000000e+00 1.8661204258e+01 1.8191976712e+01 4.1584285103e+00 2.1855880141e+01 -2.2283816483e-01 9.7485545200e-01
-2.9040185237e-04 6.0975215625e-05 -4.4941931571e+00 3.0084160284e+01 -8.0260450724e+00 5.2132087521e+01 2.3838355649e+01 -3.6358593879e+01 2.3838355649e+01 3.6358593879e+01 0.0000000000e+00 nan nan nan nan nan nan
-1.7040725259e-04 1.0423223618e-04 -3.6265665649e+00 1.4749310239e+01 -2.7502629978e+01 3.2862759533e+01 3.4087247912e+00 -3.4537921334e+01 3.4145983553e+00 3.4537921334e+01 1.0000000000e+00 1.8514596342e+01 1.7998695571e+01 4.3401884123e+00 2.1953059873e+01 -2.3441982380e-01 9.7213545672e-01
3.2090058051e-04 1.0335504405e-04 -3.9278989486e+00 -8.9736445544e+00 -3.1290536155e+00 1.5556182691e+01 5.4528899823e+00 -1.2509842546e+01 5.4528899823e+00 1.2509842546e+01 0.0000000000e+00 nan nan nan nan nan nan
3.4414458496e-04 8.0990905632e-05 -4.8999589858e+00 -1.0006287745e+01 1.0683145350e+00 1.8081327847e+01 8.5234372741e+00 -1.2355081725e+01 8.5234372741e+00 1.2355081725e+01 0.0000000000e+00 nan nan nan nan nan nan
-3.0897053259e-04 5.3442752165e-05 2.8681864753e+01 3.1239425731e+01 -4.1857902928e+00 6.0811839170e+01 4.7357768944e+01 -2.2861694485e+01 4.7357768944e+01 2.2861694485e+01 1.0000000000e+00 9.1658052131e+00 8.6083830068e+00 3.1476542399e+00 2.3146773940e+01 -3.4341273534e-01 9.3918458953e-01
-3.1177858296e-04 5.2767596929e-05 3.8823124179e+01 2.7221529033e+01 -4.2932282986e+00 5.9861427848e+01 5.1825959422e+01 -1.7296063542e+01 5.1825959422e+01 1.7296063542e+01 1.0000000000e+00 8.5340118499e+00 8.1766650788e+00 2.4436665982e+00 2.2995369941e+01 -2.8634441119e-01 9.5812675476e-01
-3.0615024462e-04 5.4277500816e-05 1.8551295712e+01 3.2166186450e+01 -5.0569905619e+00 5.9009364020e+01 4.0816224777e+01 -2.7321919627e+01 4.0816224777e+01 2.7321919627e+01 0.0000000000e+00 nan nan nan nan nan nan
-3.0341664070e-04 5.5238999210e-05 1.2027921188e+01 3.2356172292e+01 -5.2010166516e+00 5.7803862134e+01 3.6786527631e+01 -2.9959623095e+01 3.6786527631e+01 2.9959623095e+01 1.0000000000e+00 9.7866075284e+00 9.0657784646e+00 3.6863732511e+00 2.3209542342e+01 -3.7667529227e-01 9.2634535903e-01
-2.3889955783e-04 8.3553657952e-05 -8.6450977256e+00 2.1551041516e+01 -2.0286010041e+01 3.8656386457e+01 7.8527212435e+00 -3.6783829010e+01 7.8527212435e+00 3.6783829010e+01 1.0000000000e+00 1.6240645612e+01 1.5220398769e+01 5.6655124386e+00 2.2789310693e+01 -3.4884773512e-01 9.3717941596e-01
-2.8538052250e-04 6.3595860306e-05 -7.7421703969e+00 2.8757261313e+01 -9.4994047083e+00 4.9787814070e+01 2.0124220303e+01 -3.7365795408e+01 2.0124220303e+01 3.7365795408e+01 1.0000000000e+00 1.2359962204e+01 1.1227970053e+01 5.1673353070e+00 2.3246796836e+01 -4.1807047802e-01 9.0841459445e-01
-2.8289878270e-04 6.4917775466e-05 -8.9342639119e+00 2.8114687320e+01 -1.0242072768e+01 4.8672412387e+01 1.8512862053e+01 -3.7689198734e+01 1.8512862053e+01 3.7689198734e+01 1.0000000000e+00 1.2779695031e+01 1.1617137140e+01 5.3256670701e+00 2.3227292235e+01 -4.1672880748e-01 9.0903085812e-01
-2.6177179737e-04 7.3931333702e-05 -9.5798443623e+00 2.5226349079e+01 -1.5515884101e+01 4.3974255277e+01 1.2840683890e+01 -3.7936412353e+01 1.2840683890e+01 3.7936412353e+01 0.0000000000e+00 nan nan nan nan nan nan
-2.9573985714e-04 5.8851920474e-05 -1.5157003229e+00 3.0949410028e+01 -6.7098710086e+00 5.3685947781e+01 2.6882810737e+01 -3.5108382069e+01 2.6882810737e+01 3.5108382069e+01 1.0000000000e+00 1.0921076320e+01 9.9715112835e+00 4.4540847227e+00 2.3263153444e+01 -4.0784301767e-01 9.1305206474e-01
-2.4613148794e-04 8.0571244288e-05 -9.4017786158e+00 2.2717780546e+01 -1.9132697572e+01 4.0226255938e+01 8.9574016003e+00 -3.7491877788e+01 8.9574016003e+00 3.7491877788e+01 1.0000000000e+00 1.5811105500e+01 1.4729736538e+01 5.7468181339e+00 2.2878545939e+01 -3.6346719297e-01 9.3160699849e-01
3.0741828354e-04 1.1555657717e-04 -3.3070854140e+00 -8.4376134793e+00 -4.7998253769e+00 1.4669989276e+01 4.4162668623e+00 -1.2523177653e+01 4.4162668623e+00 1.2523177653e+01 0.0000000000e+00 nan nan nan nan nan nan
-3.3081815604e-04 4.6629290760e-05 3.5401049154e+01 2.8326114248e+01 6.5420256268e-01 5.7549728285e+01 5.1253976976e+01 -1.5198725259e+01 5.1253976976e+01 1.5198725249e+01 0.0000000000e+00 nan nan nan nan nan nan
-3.2491908432e-04 4.8767946218e-05 3.4141036234e+01 2.4504694083e+01 -4.9325339533e+00 5.4251216857e+01 4.5926205797e+01 -1.6717703516e+01 4.5926205797e+01 1.6717703519e+01 0.0000000000e+00 nan nan nan nan nan nan
-7.7215936698e-05 9.4935316012e-05 1.3013809886e+01 3.2209686179e+00 -3.4783748090e+01 4.1766772310e+01 1.3229088134e+01 -3.4999026338e+01 1.3229044816e+01 3.4999026338e+01 0.0000000000e+00 nan nan nan nan nan nan
-1.8405529495e-04 1.3509639097e-05 1.8357490450e+02 2.7958449543e+01 -4.4367575485e+01 2.0325511330e+02 1.8695305889e+02 -4.7745729873e+01 1.8695305889e+02 4.7745729873e+01 0.0000000000e+00 nan nan nan nan nan nan
5.1510480237e-05 1.3222655431e-04 -5.0256469321e+01 -1.2493130382e+01 -3.7354474016e+01 2.4242917234e+01 -2.9808816878e+01 -5.7802126459e+01 2.1404125501e-06 5.7802126455e+01 1.0000000000e+00 9.7306334669e+00 9.5422869243e+00 1.9052527184e+00 1.9993639577e+01 -1.9579945385e-01 9.8064395877e-01
3.8112706711e-04 1.2726174621e-05 3.5194739592e+00 -1.8578160950e+01 2.0378569941e+01 3.5310874231e+01 3.2335764693e+01 -8.4377207928e+00 3.2335764693e+01 8.4328136485e+00 0.0000000000e+00 nan nan nan nan nan nan
-1.4227499113e-04 6.7729243215e-05 4.7142782973e+01 1.6902085857e+01 -3.5542710995e+01 7.7359170249e+01 5.0463373757e+01 -3.8863301778e+01 5.0463373757e+01 3.8863301778e+01 0.0000000000e+00 nan nan nan nan nan nan
-1.8650678483e-04 9.9988993045e-05 -3.7621959113e+00 1.6498203800e+01 -2.6345802990e+01 3.4624124701e+01 4.9362482656e+00 -3.5044247167e+01 4.9362480424e+00 3.5044247167e+01 1.0000000000e+00 1.8164652462e+01 1.7548159666e+01 4.6921947309e+00 2.2145652915e+01 -2.5831458877e-01 9.6606085379e-01
-2.7134284847e-04 3.9589587394e-05 7.7271896108e+01 4.6483981087e+01 -8.2303051591e+00 1.0938040218e+02 9.7671600120e+01 -2.8630009171e+01 9.7671600120e+01 2.8630009171e+01 0.0000000000e+00 nan nan nan nan nan nan
-1.1773149244e-04 1.1481022158e-04 -6.1457443769e+00 9.1795737483e+00 -3.0002290732e+01 2.6066281425e+01 -3.0246429569e+00 -3.3123392152e+01 1.6931079889e-02 3.3123392152e+01 1.0000000000e+00 1.9131784987e+01 1.8874213013e+01 3.1287824988e+00 2.1310311472e+01 -1.6353845189e-01 9.8653696066e-01
-1.0810538340e-04 1.1646355970e-04 -7.3564699909e+00 8.1774159878e+00 -3.0286352056e+01 2.4387771943e+01 -4.7411243273e+00 -3.2901697720e+01 -4.0233379841e-03 3.2901697720e+01 1.0000000000e+00 1.9152334834e+01 1.8939361596e+01 2.8482471667e+00 2.1159393541e+01 -1.4871540162e-01 9.8888003788e-01
6.1997566913e-05 1.3444232831e-04 -4.6748131610e+01 -1.4515067299e+01 -4.1499879566e+01 2.5409393876e+01 -2.9453885193e+01 -5.8794125982e+01 4.8656152849e-04 5.8794138860e+01 0.0000000000e+00 nan nan nan nan nan nan
-3.6507580805e-04 2.5372058559e-05 7.1304045668e+01 6.5936103277e+01 4.1758807953e+01 1.1696888310e+02 1.2406344296e+02 -1.1000589336e+01 1.2406344296e+02 1.1001478979e+01 1.0000000000e+00 7.6059054083e+00 5.8695843102e+00 4.8371248802e+00 2.4017309209e+01 -6.3596963418e-01 7.7171408203e-01
-3.5070679931e-04 3.5417630164e-05 5.3778639684e+01 4.8586911817e+01 2.3605117756e+01 8.8077360458e+01 8.9543366490e+01 -1.2159609050e+01 8.9543366490e+01 1.2159601217e+01 0.0000000000e+00 nan nan nan nan nan nan
-3.4475802041e-04 3.8861144156e-05 4.8137369492e+01 4.2646605464e+01 1.7047549588e+01 7.8565096719e+01 7.7952039280e+01 -1.2767120200e+01 7.7952039280e+01 1.2767121367e+01 0.0000000000e+00 nan nan nan nan nan nan
-3.7683576120e-04 1.2893291113e-05 9.1289716732e+01 7.8800149149e+01 5.1056318317e+01 1.4081873550e+02 1.5247475237e+02 -1.0128717322e+01 1.5247475237e+02 1.0093684400e+01 0.0000000000e+00 nan nan nan nan nan nan
-3.6782826884e-04 2.0836479270e-05 7.6387153015e+01 6.6818776184e+01 3.9805610977e+01 1.1994764801e+02 1.2734818886e+02 -1.1155424871e+01 1.2734818886e+02 1.1155427526e+01 0.0000000000e+00 nan nan nan nan nan nan
1.0696532561e-04 1.5744398076e-04 4.9832984426e+00 8.1261976470e-02 -1.7060338415e+01 1.9091572637e+01 4.9840046148e+00 -1.7061044587e+01 5.0114111135e+00 1.7061043920e+01 1.0000000000e+00 2.5765324917e+01 2.4921739845e+01 6.5390252450e+00 1.9610775219e+01 -2.5379168577e-01 9.6725890031e-01
-1.7904453735e-04 1.0086672638e-04 -2.5340701857e+00 1.5987938790e+01 -2.6960143303e+01 3.4844952271e+01 5.3706358289e+00 -3.4864849318e+01 5.3706556286e+00 3.4864849318e+01 0.0000000000e+00 nan nan nan nan nan nan
-1.8161289981e-04 1.0149325690e-04 -3.8384012575e+00 1.5919402400e+01 -2.6718059527e+01 3.3951347530e+01 4.3235892437e+00 -3.4880050028e+01 4.3235775793e+00 3.4880050028e+01 1.0000000000e+00 1.8259550252e+01 1.7669080222e+01 4.6059504460e+00 2.2097825623e+01 -2.5224884417e-01 9.6766240013e-01
3.8180994124e-04 3.1252143996e-05 -5.5761585144e+00 -1.2975111601e+01 1.9028346167e+01 3.0941212201e+01 2.4590011020e+01 -1.1137823367e+01 2.4590011020e+01 1.1137934905e+01 1.0000000000e+00 2.2297092750e+00 9.6514031010e-01 -2.0100018987e+00 1.3712237319e+01 9.0146366670e-01 4.3285477660e-01
-2.8790900862e-04 6.2330166878e-05 -6.4752864036e+00 2.9356829243e+01 -8.7670405617e+00 5.0830957117e+01 2.1726103292e+01 -3.6968430258e+01 2.1726103292e+01 3.6968430258e+01 1.0000000000e+00 1.1912241920e+01 1.0824160694e+01 4.9738368309e+00 2.3260569132e+01 -4.1753994457e-01 9.0865856882e-01
-2.7140861020e-04 6.7293415691e-05 -3.9966122806e+00 2.8806192929e+01 -1.2618229055e+01 5.0429759493e+01 2.0808214550e+01 -3.7423055885e+01 2.0808214550e+01 3.7423055885e+01 0.0000000000e+00 nan nan nan nan nan nan
-2.7088331308e-04 6.9881649037e-05 -9.2606159106e+00 2.6638510702e+01 -1.3295050369e+01 4.6249014663e+01 1.5424047926e+01 -3.7979714205e+01 1.5424047926e+01 3.7979714205e+01 1.0000000000e+00 1.3885421776e+01 1.2691417480e+01 5.6331927213e+00 2.3144623522e+01 -4.0569114949e-01 9.1401022490e-01
-2.7334680446e-04 6.8512735319e-05 -8.5086846486e+00 2.7266014398e+01 -1.2593506137e+01 4.7327160741e+01 1.6773253602e+01 -3.7875444387e+01 1.6773253602e+01 3.7875444387e+01 0.0000000000e+00 nan nan nan nan nan nan
-9.7111718273e-05 9.5318584966e-05 1.2895777260e+01 6.6231988501e+00 -3.3770338312e+01 4.2009017569e+01 1.3816637076e+01 -3.4691198128e+01 1.3816628750e+01 3.4691198128e+01 0.0000000000e+00 nan nan nan nan nan nan
-1.8517596198e-04 9.5254780914e-05 1.5339776456e+00 1.7842254468e+01 -2.6655488045e+01 3.9380425966e+01 1.0175544333e+01 -3.5297054732e+01 1.0175544423e+01 3.5297054732e+01 0.0000000000e+00 nan nan nan nan nan nan
3.4140818868e-04 8.8566923820e-05 -4.9657302548e+00 -9.4846179839e+00 2.6583617446e-01 1.7037280485e+01 7.4865314342e+00 -1.2186425515e+01 7.4865314342e+00 1.2186425515e+01 1.0000000000e+00 1.3839152548e+01 9.8049428995e+00 -9.7665366415e+00 1.3803371950e+01 7.0571782542e-01 7.0849301400e-01
3.4833262328e-04 8.1960922716e-05 -5.3174650277e+00 -9.7104270084e+00 1.8038126258e+00 1.7909907092e+01 8.5834634798e+00 -1.2097115882e+01 8.5834634798e+00 1.2097115882e+01 1.0000000000e+00 1.1944078178e+01 7.9798532875e+00 -8.8872349489e+00 1.3696550029e+01 7.4407039340e-01 6.6810122711e-01
1.4142276541e-04 1.2289273492e-04 -9.9059151291e+00 -9.9725029932e-02 -1.6979665758e+01 6.1360378598e+00 -9.9001473334e+00 -1.6985433554e+01 -1.4423336967e-06 1.6985433554e+01 0.0000000000e+00 nan nan nan nan nan nan
1.1906201868e-04 1.4921964290e-04 -3.7691060672e+00 -1.6167942486e+00 -1.6951558266e+01 1.1760481340e+01 -3.5704150993e+00 -1.7150249234e+01 3.9133607883e-03 1.7150249211e+01 0.0000000000e+00 nan nan nan nan nan nan
2.5084012143e-04 1.2158814965e-04 -2.0598010481e+00 -7.2272818460e+00 -9.6750536793e+00 1.4148515928e+01 2.3012221158e+00 -1.4036076843e+01 2.3012131218e+00 1.4036076843e+01 0.0000000000e+00 nan nan nan nan nan nan
3.3148595930e-04 9.8143984318e-05 -4.4928648967e+00 -9.1066512403e+00 -1.5877268502e+00 1.5969810549e+01 6.1798785461e+00 -1.2260470293e+01 6.1798785461e+00 1.2260470293e+01 1.0000000000e+00 1.5611263420e+01 1.1639294598e+01 -1.0403766954e+01 1.3937329387e+01 6.6642696840e-01 7.4557031579e-01
3.3455891765e-04 9.1400836807e-05 -4.5322970545e+00 -9.4984738969e+00 -9.4723867300e-01 1.6739104991e+01 6.9245589085e+00 -1.2404094636e+01 6.9245589085e+00 1.2404094636e+01 0.0000000000e+00 nan nan nan nan nan nan
3.1646622564e-04 6.8088429181e-05 -2.5105453484e+00 -1.0508160149e+01 -4.5123864772e+00 1.8280791930e+01 7.0429542292e+00 -1.4065886055e+01 7.0429542292e+00 1.4065886055e+01 0.0000000000e+00 nan nan nan nan nan nan
2.8168581902e-04 1.2927818791e-04 -2.0964170895e+00 -7.8172331504e+00 -7.1549261868e+00 1.4229890272e+01 3.5899593407e+00 -1.2841302617e+01 3.5899593407e+00 1.2841302617e+01 0.0000000000e+00 nan nan nan nan nan nan
2.0864009686e-04 1.2154560863e-04 -3.4005982352e+00 -5.3404150970e+00 -1.2349235308e+01 1.2066825755e+01 -9.0813167357e-01 -1.4841701869e+01 1.0198663321e-02 1.4841701869e+01 0.0000000000e+00 nan nan nan nan nan nan
2.2798141679e-04 1.2319923323e-04 -2.3804690948e+00 -6.3720325501e+00 -1.1102784534e+01 1.3373772165e+01 9.7972414534e-01 -1.4462977774e+01 9.7745193497e-01 1.4462977774e+01 0.0000000000e+00 nan nan nan nan nan nan
1.1871174468e-04 9.6354986551e-05 -2.8789345441e+00 9.2146395644e-01 -2.1770253239e+01 1.6430871809e+01 -2.8382256293e+00 -2.1810962153e+01 3.1465141528e-04 2.1810962153e+01 0.0000000000e+00 nan nan nan nan nan nan
2.7208704190e-04 3.9395754112e-05 -2.1667181355e+00 -6.5257452414e+00 -1.3325036271e+01 1.4866905950e+01 8.3753494897e-01 -1.6329289356e+01 8.3588250627e-01 1.6329289356e+01 0.0000000000e+00 nan nan nan nan nan nan
-2.3445930175e-04 8.4328114303e-05 -6.7103892666e+00 2.1611934394e+01 -2.0912522457e+01 3.9396428097e+01 8.9340825053e+00 -3.6556994229e+01 8.9340825053e+00 3.6556994229e+01 0.0000000000e+00 nan nan nan nan nan nan
2.4949192109e-04 1.4391068146e-04 -4.7323134789e-01 -7.0450662119e+00 -9.2344221318e+00 1.4367865206e+01 3.4414641048e+00 -1.3149117584e+01 3.4414641197e+00 1.3149117584e+01 0.0000000000e+00 nan nan nan nan nan nan
2.5380870909e-04 1.4437265068e-04 -5.4394615860e-01 -7.0906866083e+00 -8.9657249030e+00 1.4283119102e+01 3.4915271275e+00 -1.3001198189e+01 3.4915271223e+00 1.3001198189e+01 1.0000000000e+00 2.5031056962e+01 2.3297950824e+01 -9.1520107121e+00 1.5478864972e+01 3.6562621890e-01 9.3076176762e-01
7.4836574046e-05 6.7637373035e-05 2.6461076102e+01 -4.7094353492e+00 -2.2362508710e+01 4.3065090287e+01 2.6912925166e+01 -2.2814357774e+01 2.6912925166e+01 2.2814357774e+01 0.0000000000e+00 nan nan nan nan nan nan
-1.9107247222e-04 9.7910279180e-05 -3.0658693753e+00 1.7245664774e+01 -2.5989091576e+01 3.5863467262e+01 6.1783020019e+00 -3.5233262953e+01 6.1783019880e+00 3.5233262953e+01 0.0000000000e+00 nan nan nan nan nan nan
-2.2892043314e-04 4.0080030954e-05 9.4110509964e+01 4.2496565773e+01 -2.5655857977e+01 1.2718005430e+02 1.0765476458e+02 -3.9200112592e+01 1.0765476458e+02 3.9200112592e+01 0.0000000000e+00 nan nan nan nan nan nan
2.0748504080e-04 6.7447427622e-05 -4.8213321858e+00 -2.4201366072e+00 -1.6524015990e+01 1.0970492352e+01 -4.3388573750e+00 -1.7006490800e+01 2.3260654135e-02 1.7006490800e+01 0.0000000000e+00 nan nan nan nan nan nan
-1.6266884497e-04 1.4985355952e-05 1.7445638340e+02 2.2590990136e+01 -4.6556892943e+01 1.9536043557e+02 1.7674114529e+02 -4.8841654840e+01 1.7674114529e+02 4.8841654840e+01 0.0000000000e+00 nan nan nan nan nan nan
-1.3455790173e-04 1.1151701666e-04 -4.4281437641e+00 1.0977134076e+01 -2.9411352951e+01 2.8800125846e+01 -2.9198794794e-01 -3.3547508768e+01 -1.1182075250e-01 3.3547508767e+01 1.0000000000e+00 1.9027772299e+01 1.8702080422e+01 3.5054680919e+00 2.1510747226e+01 -1.8422903306e-01 9.8288334169e-01
-1.3191791605e-04 1.1120767912e-04 -3.9372259834e+00 1.0760745145e+01 -2.9593359302e+01 2.8998657370e+01 -2.2910003872e-02 -3.3507675281e+01 -1.7676551445e-02 3.3507675281e+01 0.0000000000e+00 nan nan nan nan nan nan
-1.4235839578e-04 1.3404570694e-05 1.7629100143e+02 1.7496535881e+01 -4.8704709916e+01 1.9719359131e+02 1.7764291878e+02 -5.0056627266e+01 1.7764291878e+02 5.0056627266e+01 0.0000000000e+00 nan nan nan nan nan nan
-9.8216605051e-05 1.4872306233e-05 1.6858089657e+02 8.2229330565e+00 -5.0538418005e+01 1.9029601224e+02 1.6888869317e+02 -5.0846214612e+01 1.6888869317e+02 5.0846214612e+01 0.0000000000e+00 nan nan nan nan nan nan
-2.2895492284e-04 1.3787792878e-05 1.9645636491e+02 4.2820926911e+01 -3.4395198974e+01 2.1323349858e+02 2.0414100077e+02 -4.2079834836e+01 2.0414100077e+02 4.2079834836e+01 0.0000000000e+00 nan nan nan nan nan nan
3.1255222743e-05 4.0455115392e-05 9.8716773608e+01 -1.6338930038e+01 -2.8544346732e+01 1.1378482777e+02 1.0077991438e+02 -3.0607487503e+01 1.0077991438e+02 3.0607487503e+01 0.0000000000e+00 nan nan nan nan nan nan
-1.4254142016e-04 4.0768932903e-05 1.0109134293e+02 1.8911042411e+01 -4.1924925229e+01 1.2811222356e+02 1.0354883561e+02 -4.4382417911e+01 1.0354883561e+02 4.4382417911e+01 0.0000000000e+00 nan nan nan nan nan nan
-1.5586802285e-04 1.0706424191e-04 -3.3258445668e+00 1.3287284197e+01 -2.8403781181e+01 3.1641161390e+01 2.4032201721e+00 -3.4132845919e+01 2.4274265497e+00 3.4132845919e+01 0.0000000000e+00 nan nan nan nan nan nan
1.0676924990e-05 1.3610729582e-05 1.7642984324e+02 -1.2498517054e+01 -4.1494627563e+01 1.8996477154e+02 1.7714381982e+02 -4.2208604149e+01 1.7714381982e+02 4.2208604149e+01 0.0000000000e+00 nan nan nan nan nan nan
1.1137013579e-05 3.9658948278e-05 1.0379775133e+02 -1.2259346312e+01 -3.5951887392e+01 1.2287448399e+02 1.0486454838e+02 -3.7018684437e+01 1.0486454838e+02 3.7018684437e+01 0.0000000000e+00 nan nan nan nan nan nan
3.5880202680e-05 1.2943121134e-04 -4.5623907882e+01 -8.8193213352e+00 -3.4783956341e+01 1.7828014360e+01 -2.9910923222e+01 -5.0496941002e+01 9.9221549423e-08 5.0496941002e+01 0.0000000000e+00 nan nan nan nan nan nan
1.3435384332e-05 1.2837421175e-04 -4.1447369016e+01 -5.9821940056e+00 -3.4305384725e+01 1.2004368318e+01 -3.0945651591e+01 -4.4807102150e+01 -3.4108757767e-08 4.4807102150e+01 1.0000000000e+00 1.4285418486e+01 1.4239502842e+01 1.1444387893e+00 1.9854004483e+01 -8.0112374053e-02 9.9678583834e-01
1.1646023783e-05 1.2697869687e-04 -3.8792641148e+01 -5.9013740531e+00 -3.4294370071e+01 1.0838318513e+01 -3.0285999498e+01 -4.2801011720e+01 -6.3148678266e-09 4.2801011720e+01 0.0000000000e+00 nan nan nan nan nan nan
9.3908075272e-06 1.2758735342e-04 -3.9384101198e+01 -5.3978913106e+00 -3.3903312294e+01 1.0386483391e+01 -3.0647067764e+01 -4.2640345728e+01 -1.3044382570e-08 4.2640345728e+01 1.0000000000e+00 1.4703467941e+01 1.4661902520e+01 1.1048004306e+00 1.9866330747e+01 -7.5138765560e-02 9.9717308724e-01
1.0897495109e-05 1.2298030370e-04 -3.2154146920e+01 -6.3136044557e+00 -3.4732199049e+01 1.1104043705e+01 -2.7032250362e+01 -3.9854095606e+01 -5.0203258924e-07 3.9854095606e+01 0.0000000000e+00 nan nan nan nan nan nan
-1.0077070790e-06 1.2670040086e-04 -3.5416104530e+01 -3.7757787018e+00 -3.3075014386e+01 6.6953957260e+00 -3.0379970933e+01 -3.8111147982e+01 9.3668130276e-08 3.8111147982e+01 1.0000000000e+00 1.5769491342e+01 1.5732806370e+01 1.0750167123e+00 1.9938247293e+01 -6.8170665047e-02 9.9767367432e-01
-3.4827130294e-06 1.2642359221e-04 -3.4343730308e+01 -3.4388566309e+00 -3.2945612355e+01 5.9598109514e+00 -3.0203772874e+01 -3.7085569788e+01 1.1716831493e-07 3.7085569788e+01 1.0000000000e+00 1.6074848551e+01 1.6038246231e+01 1.0841650115e+00 1.9968714624e+01 -6.7444804101e-02 9.9772300685e-01
9.8119155476e-05 1.5018690880e-04 -4.7778996988e-01 -2.0270056724e+00 -1.7470053163e+01 1.5125209305e+01 -2.4137790253e-01 -1.7706465230e+01 -1.6557044449e-01 1.7706393448e+01 0.0000000000e+00 nan nan nan nan nan nan
-8.4630244167e-06 1.2591848100e-04 -3.2261993521e+01 -2.7860099634e+00 -3.2718730678e+01 4.6400726974e+00 -2.9811414878e+01 -3.5169309320e+01 6.1610496528e-08 3.5169309320e+01 1.0000000000e+00 1.6359523251e+01 1.6322430818e+01 1.1010237000e+00 2.0001611015e+01 -6.7301698412e-02 9.9773267030e-01
-1.0451589628e-05 1.2138542456e-04 -2.5975705605e+01 -3.6292271712e+00 -3.3294660157e+01 8.9075628286e+00 -2.4492399084e+01 -3.4777966678e+01 2.3268390094e-07 3.4777966678e+01 0.0000000000e+00 nan nan nan nan nan nan
-2.8720457303e-05 1.2446363472e-04 -2.5014720065e+01 -2.5408331933e-01 -3.2044180667e+01 6.0844140738e+00 -2.5016612262e+01 -3.2042288469e+01 -2.9331257912e-07 3.2042288469e+01 1.0000000000e+00 1.7512057323e+01 1.7465002634e+01 1.2829008872e+00 2.0194777042e+01 -7.3258148001e-02 9.9731301192e-01
-1.4466142259e-04 1.1007897501e-04 -4.3020951241e+00 1.1992033652e+01 -2.8921829226e+01 2.9763599990e+01 5.7206029094e-01 -3.3795984641e+01 4.4462085710e-01 3.3795984641e+01 1.0000000000e+00 1.8899007048e+01 1.8515588871e+01 3.7875369476e+00 2.1659341807e+01 -2.0040930923e-01 9.7971225815e-01
-3.2465297218e-05 1.2213342906e-04 -2.1669233562e+01 -3.1629475693e-01 -3.2230838630e+01 9.1569711733e+00 -2.1663256324e+01 -3.2236815868e+01 2.9770525747e-08 3.2236815868e+01 0.0000000000e+00 nan nan nan nan nan nan
-5.3313070383e-05 1.2144790793e-04 -1.6659497806e+01 2.2693053322e+00 -3.1665084566e+01 1.3569493401e+01 -1.6327940518e+01 -3.1996641853e+01 1.0343506957e-06 3.1996641854e+01 0.0000000000e+00 nan nan nan nan nan nan
-6.3772367438e-05 1.2150530528e-04 -1.4962142824e+01 3.5615737235e+00 -3.1342487205e+01 1.5459531383e+01 -1.4226750409e+01 -3.2077879620e+01 1.6542557089e-05 3.2077879620e+01 1.0000000000e+00 1.8715007590e+01 1.8619933151e+01 1.8840378330e+00 2.0610310937e+01 -1.0066989414e-01 9.9491988241e-01
-7.5820417375e-05 1.1939364716e-04 -1.1583995777e+01 4.7238220941e+00 -3.1210375116e+01 1.8859552724e+01 -1.0508617604e+01 -3.2285753289e+01 7.9837507895e-05 3.2285753289e+01 0.0000000000e+00 nan nan nan nan nan nan
-1.9555406964e-04 9.6741764241e-05 -3.3334350870e+00 1.7703827605e+01 -2.5591199670e+01 3.6215951992e+01 6.4469722529e+00 -3.5371607010e+01 6.4469722521e+00 3.5371607010e+01 0.0000000000e+00 nan nan nan nan nan nan
5.3881306397e-05 4.1724292814e-05 8.8030023790e+01 -2.1513469423e+01 -1.8586872969e+01 9.9571846670e+01 9.2209407889e+01 -2.2766257067e+01 9.2209407889e+01 2.2766257067e+01 0.0000000000e+00 nan nan nan nan nan nan
7.5961903905e-05 4.1577612341e-05 6.9991293963e+01 -1.7051337963e+01 -1.9713794978e+01 8.3113711703e+01 7.3124473318e+01 -2.2846974332e+01 7.3124473318e+01 2.2846974332e+01 0.0000000000e+00 nan nan nan nan nan nan
-8.3933950202e-05 1.1959127439e-04 -1.0960562272e+01 5.6839107906e+00 -3.0907708905e+01 1.9877117007e+01 -9.4580767335e+00 -3.2410194443e+01 2.2456680371e-04 3.2410194443e+01 1.0000000000e+00 1.9026339503e+01 1.8886303569e+01 2.3041554566e+00 2.0857966088e+01 -1.2110345536e-01 9.9263989095e-01
-1.2774769392e-04 1.1313167993e-04 -5.2470383477e+00 1.0227584201e+01 -2.9646086229e+01 2.7569763762e+01 -1.5291517586e+00 -3.3363972818e+01 -2.2186719618e-02 3.3363972818e+01 1.0000000000e+00 1.9090387388e+01 1.8800004546e+01 3.3170347754e+00 2.1410539145e+01 -1.7375418885e-01 9.8478905450e-01
1.4194881362e-04 4.0690293458e-05 3.6740046198e+01 -9.7222001496e+00 -2.0498332570e+01 5.2352004844e+01 3.8346300903e+01 -2.2104587276e+01 3.8346300903e+01 2.2104587276e+01 0.0000000000e+00 nan nan nan nan nan nan
9.9858691442e-06 6.8600517467e-05 4.7023205754e+01 -7.7349548627e+00 -3.3466909630e+01 7.0982231379e+01 4.7759758456e+01 -3.4203462333e+01 4.7759758456e+01 3.4203462333e+01 0.0000000000e+00 nan nan nan nan nan nan
-1.1464385048e-05 6.7329403557e-05 5.0924282843e+01 -6.9743899277e+00 -3.7817378782e+01 7.7795863436e+01 5.1468914727e+01 -3.8362010666e+01 5.1468914727e+01 3.8362010666e+01 0.0000000000e+00 nan nan nan nan nan nan
-3.1912808436e-05 6.8512182257e-05 4.9508996296e+01 -4.7258303422e+00 -3.9506891877e+01 7.7522861472e+01 4.9758897149e+01 -3.9756792729e+01 4.9758897149e+01 3.9756792729e+01 0.0000000000e+00 nan nan nan nan nan nan
-5.3745073232e-05 6.8207410222e-05 5.0088977854e+01 -1.3062963024e+00 -4.0120715688e+01 7.8155915291e+01 5.0107469816e+01 -4.0139207649e+01 5.0107469816e+01 4.0139207649e+01 0.0000000000e+00 nan nan nan nan nan nan
-7.5604458574e-05 6.8202362864e-05 4.9883869471e+01 2.8008062868e+00 -3.9841235952e+01 7.7854559953e+01 4.9970667906e+01 -3.9928034387e+01 4.9970667906e+01 3.9928034387e+01 0.0000000000e+00 nan nan nan nan nan nan
-1.7464938802e-04 1.0249428096e-04 -2.9907310163e+00 1.5371372936e+01 -2.7252321676e+01 3.3913655200e+01 4.4585316130e+00 -3.4701584305e+01 4.4584106285e+00 3.4701584305e+01 0.0000000000e+00 nan nan nan nan nan nan
-2.1835918241e-04 8.9658563371e-05 -4.6279825028e+00 2.0149514173e+01 -2.3180537613e+01 3.8417993821e+01 8.2763790162e+00 -3.6084899132e+01 8.2763790162e+00 3.6084899132e+01 0.0000000000e+00 nan nan nan nan nan nan
-2.1638579918e-04 9.1504963557e-05 -5.8565008606e+00 1.9399138038e+01 -2.3479032922e+01 3.6900549336e+01 6.6367752008e+00 -3.5972308984e+01 6.6367752008e+00 3.5972308984e+01 1.0000000000e+00 1.7211950212e+01 1.6370764302e+01 5.3150076460e+00 2.2519984986e+01 -3.0879752616e-01 9.5112779785e-01
-2.0925166886e-04 9.2686598612e-05 -4.0960591049e+00 1.9157301810e+01 -2.4233669513e+01 3.7480899079e+01 7.4747428649e+00 -3.5804471481e+01 7.4747428650e+00 3.5804471481e+01 0.0000000000e+00 nan nan nan nan nan nan
-2.0706967325e-04 9.4462239463e-05 -5.1619313390e+00 1.8487151080e+01 -2.4488807530e+01 3.6127379302e+01 6.0327827304e+00 -3.5683521600e+01 6.0327827304e+00 3.5683521600e+01 1.0000000000e+00 1.7485552553e+01 1.6702672484e+01 5.1735171768e+00 2.2427772026e+01 -2.9587381703e-01 9.5522703291e-01
-2.0466728798e-04 9.3792311714e-05 -3.4831023860e+00 1.8788966771e+01 -2.4712974164e+01 3.7375185076e+01 7.4805348896e+00 -3.5676611439e+01 7.4805348897e+00 3.5676611439e+01 0.0000000000e+00 nan nan nan nan nan nan
-9.3281410313e-05 1.1767527361e-04 -8.7470121133e+00 6.6069691223e+00 -3.0776351469e+01 2.2243557215e+01 -6.9193580451e+00 -3.2604005537e+01 -6.1620451256e-04 3.2604005537e+01 0.0000000000e+00 nan nan nan nan nan nan
1.8628813115e-04 9.6560089982e-05 -6.6762791282e+00 -1.6696458873e+00 -1.6150131698e+01 8.6908687164e+00 -6.3955300201e+00 -1.6430880806e+01 2.5456357998e-06 1.6430880806e+01 0.0000000000e+00 nan nan nan nan nan nan
3.5802976640e-04 3.9235129952e-05 -2.4921635926e+00 -1.4079421280e+01 6.3233475677e+00 2.5545780587e+01 1.6664455286e+01 -1.2833271311e+01 1.6664455286e+01 1.2833271350e+01 0.0000000000e+00 nan nan nan nan nan nan
-1.1946720449e-04 1.3372667892e-05 1.7403391284e+02 1.2499067540e+01 -5.0085398756e+01 1.9529591935e+02 1.7472840865e+02 -5.0779894562e+01 1.7472840865e+02 5.0779894562e+01 0.0000000000e+00 nan nan nan nan nan nan
-1.6320506786e-04 6.8680461020e-05 4.2751423099e+01 2.1129491606e+01 -3.2890102119e+01 7.5035200995e+01 4.8252253983e+01 -3.8390933003e+01 4.8252253983e+01 3.8390933003e+01 0.0000000000e+00 nan nan nan nan nan nan
-5.4361059668e-05 1.3368632188e-05 1.7283477125e+02 -1.4285284866e-01 -5.0454756512e+01 1.9337407852e+02 1.7283458366e+02 -5.0454568918e+01 1.7283458366e+02 5.0454568918e+01 0.0000000000e+00 nan nan nan nan nan nan
-1.8503125903e-04 3.9889214056e-05 1.0155829711e+02 3.0370148198e+01 -3.6460013433e+01 1.3058781898e+02 1.0794405428e+02 -4.2845770607e+01 1.0794405428e+02 4.2845770607e+01 0.0000000000e+00 nan nan nan nan nan nan
3.2199733553e-05 9.5422871619e-05 1.0525597299e+01 -2.4124576881e+00 -3.0417126574e+01 3.5698177235e+01 1.0664587598e+01 -3.0556116874e+01 1.0663781282e+01 3.0556116874e+01 0.0000000000e+00 nan nan nan nan nan nan
2.2722193505e-04 6.8858809488e-05 -4.3248338875e+00 -3.8231597463e+00 -1.4863698674e+01 1.1273106601e+01 -3.0857351500e+00 -1.6102797412e+01 -1.1026682298e-03 1.6102797412e+01 0.0000000000e+00 nan nan nan nan nan nan
-1.1896200455e-04 6.8875465995e-05 4.7242663385e+01 1.1816382082e+01 -3.7401140781e+01 7.6105809847e+01 4.8860471105e+01 -3.9018948500e+01 4.8860471104e+01 3.9018948500e+01 0.0000000000e+00 nan nan nan nan nan nan
-3.6078527321e-04 1.4283714488e-05 6.6445467941e+01 4.5672658269e+01 1.1335950856e+01 9.2353549189e+01 9.2211055884e+01 -1.4429637086e+01 9.2211055884e+01 1.4429769549e+01 0.0000000000e+00 nan nan nan nan nan nan
-3.3668884725e-04 1.3382026521e-05 1.0871391837e+02 5.4648704915e+01 6.7618518171e+00 1.2943809733e+02 1.3246900543e+02 -1.6993235243e+01 1.3246900543e+02 1.6993235036e+01 0.0000000000e+00 nan nan nan nan nan nan
-1.1962717289e-04 9.6128173020e-05 1.1376773620e+01 1.0245137490e+01 -3.2272365248e+01 4.1757259624e+01 1.3660769271e+01 -3.4556360898e+01 1.3660780531e+01 3.4556360898e+01 0.0000000000e+00 nan nan nan nan nan nan
9.6502818303e-05 6.7569879405e-05 2.0151973982e+01 -3.7341314555e+00 -2.2544277284e+01 3.7541065277e+01 2.0478192492e+01 -2.2870495794e+01 2.0478192385e+01 2.2870495794e+01 0.0000000000e+00 nan nan nan nan nan nan
-2.7151638557e-04 1.3040668276e-05 2.1046355145e+02 6.1883245945e+01 -9.5871086896e+00 2.1863523878e+02 2.2666733534e+02 -2.5790892584e+01 2.2666733534e+02 2.5790892584e+01 0.0000000000e+00 nan nan nan nan nan nan
3.3895892668e-04 6.8097875107e-05 -3.7124687298e+00 -1.1212594888e+01 2.4738517540e-01 1.9717641812e+01 9.6514440305e+00 -1.3116527585e+01 9.6514440305e+00 1.3116527585e+01 0.0000000000e+00 nan nan nan nan nan nan
1.4120039844e-04 6.7374004978e-05 1.1225022179e+01 -4.3279333280e+00 -1.8980316150e+01 2.7208879820e+01 1.1831407103e+01 -1.9586701074e+01 1.1831349522e+01 1.9586701074e+01 0.0000000000e+00 nan nan nan nan nan nan
2.0614305549e-04 4.2231205166e-05 2.2252304079e+01 -1.1137835898e+01 -1.4241773792e+01 3.7027184056e+01 2.5382919826e+01 -1.7372389539e+01 2.5382783594e+01 1.7372389539e+01 0.0000000000e+00 nan nan nan nan nan nan
2.9271759725e-04 4.2558642302e-05 -1.6389128816e+00 -8.5358811145e+00 -1.0470150004e+01 1.6643461641e+01 3.5545756155e+00 -1.5663638501e+01 3.5545757049e+00 1.5663638501e+01 0.0000000000e+00 nan nan nan nan nan nan
5.5037939897e-05 1.2151274386e-04 -1.8848655784e+01 -2.6639726003e+00 -3.4002113425e+01 1.3775498033e+01 -1.8472097107e+01 -3.4378672102e+01 -2.5252287616e-03 3.4378672102e+01 0.0000000000e+00 nan nan nan nan nan nan
-3.2158586010e-05 4.0447551679e-05 1.0389901234e+02 -4.9262341749e+00 -4.3850401216e+01 1.2823834061e+02 1.0406274603e+02 -4.4014134910e+01 1.0406274603e+02 4.4014134910e+01 0.0000000000e+00 nan nan nan nan nan nan
-9.5886052391e-05 1.1778357070e-04 -8.7117733469e+00 6.9012843927e+00 -3.0661044459e+01 2.2450814497e+01 -6.7244251096e+00 -3.2648392696e+01 -2.6327047002e-04 3.2648392696e+01 1.0000000000e+00 1.9119913975e+01 1.8946066512e+01 2.5724840373e+00 2.1008412007e+01 -1.3454474955e-01 9.9090751857e-01
-9.7376677510e-05 6.8427919824e-05 4.8981408197e+01 7.2549652590e+00 -3.8902979421e+01 7.7139301927e+01 4.9575611121e+01 -3.9497182345e+01 4.9575611121e+01 3.9497182345e+01 0.0000000000e+00 nan nan nan nan nan nan
1.2058129390e-04 1.2350070449e-04 -1.0105273300e+01 2.9235543513e-01 -1.6973198140e+01 5.9979675225e+00 -1.0076307556e+01 -1.7002163884e+01 -4.9972691730e-07 1.7002163884e+01 0.0000000000e+00 nan nan nan nan nan nan
-2.0666600674e-04 1.3605855501e-05 1.8952803337e+02 3.4793647955e+01 -4.0422667849e+01 2.0805939731e+02 1.9467583180e+02 -4.5570466285e+01 1.9467583180e+02 4.5570466285e+01 0.0000000000e+00 nan nan nan nan nan nan
-1.8556344293e-05 1.2757658186e-04 -3.1225994520e+01 -7.8144019206e-01 -3.1992565073e+01 1.2660755415e+00 -3.0878310741e+01 -3.2340248851e+01 7.0343925869e-08 3.2340248851e+01 1.0000000000e+00 1.6871314249e+01 1.6831687505e+01 1.1556557607e+00 2.0073759585e+01 -6.8498265376e-02 9.9765123547e-01
1.1970396032e-04 4.0060011760e-05 4.7051729335e+01 -1.1692447433e+01 -2.0976008640e+01 6.2299529732e+01 4.9006510609e+01 -2.2930789914e+01 4.9006510609e+01 2.2930789914e+01 0.0000000000e+00 nan nan nan nan nan nan
3.4834137470e-05 1.3176914572e-04 -5.0623031339e+01 -8.1583481426e+00 -3.4102561744e+01 2.0041628042e+01 -3.0791757196e+01 -5.3933835887e+01 -8.5257710038e-09 5.3933835887e+01 1.0000000000e+00 1.2267341875e+01 1.2176849763e+01 1.4872815865e+00 1.9844466326e+01 -1.2123910801e-01 9.9262333173e-01
3.2188815663e-04 1.0708138624e-04 -4.0303041907e+00 -8.7455753657e+00 -3.0546665398e+00 1.5169174424e+01 5.2154415719e+00 -1.2300412302e+01 5.2154415719e+00 1.2300412302e+01 1.0000000000e+00 1.7246927742e+01 1.3440982549e+01 -1.0807243158e+01 1.4092880754e+01 6.2661845166e-01 7.7932619361e-01
9.9594877602e-05 1.5562489014e-04 5.2206315044e+00 -1.2188475438e+00 -1.7779870844e+01 2.0026348472e+01 5.2825980115e+00 -1.7841837351e+01 5.3132036987e+00 1.7841837423e+01 1.0000000000e+00 2.5768926555e+01 2.4831492680e+01 6.8872742857e+00 1.9715934017e+01 -2.6727051556e-01 9.6362153956e-01
1.4104896138e-04 1.6470284612e-04 8.8208718746e+00 -3.3659602805e+00 -1.3533715937e+01 2.0205460138e+01 9.3092058182e+00 -1.4022049881e+01 9.3086748117e+00 1.4022049881e+01 1.0000000000e+00 3.2880276792e+01 3.2782502898e+01 2.5337927378e+00 1.8469078367e+01 -7.7061174205e-02 9.9702636647e-01
1.5946239839e-04 1.6536778672e-04 6.9596188765e+00 -4.3712224716e+00 -1.2878563591e+01 1.8769203256e+01 7.8769321948e+00 -1.3795876909e+01 7.8769675271e+00 1.3795876909e+01 1.0000000000e+00 3.1302111080e+01 3.1291341352e+01 -8.2104473083e-01 1.7784496540e+01 2.6229691944e-02 9.9965594244e-01
1.6886280675e-04 1.6427376187e-04 5.7095521507e+00 -4.8283165231e+00 -1.2579670587e+01 1.7905931095e+01 6.9029349197e+00 -1.3773053356e+01 6.9028863565e+00 1.3773053356e+01 1.0000000000e+00 3.0516519195e+01 3.0430118950e+01 -2.2947340699e+00 1.7448344601e+01 7.5196455248e-02 9.9716873854e-01
1.7815565960e-04 1.6429839821e-04 5.0785050828e+00 -5.1072772128e+00 -1.2230538152e+01 1.7402426285e+01 6.4712789658e+00 -1.3623312035e+01 6.4712891129e+00 1.3623312035e+01 1.0000000000e+00 3.0022405987e+01 2.9855834584e+01 -3.1581644265e+00 1.7240094988e+01 1.0519358201e-01 9.9445176369e-01
2.6444869520e-04 1.3931291439e-04 -1.1578751395e+00 -7.3505195032e+00 -8.3370151562e+00 1.4167543967e+01 3.4321901751e+00 -1.2927080471e+01 3.4321901763e+00 1.2927080471e+01 0.0000000000e+00 nan nan nan nan nan nan
2.2249309500e-04 1.5580560638e-04 1.4730197903e+00 -6.3456196804e+00 -1.0509822441e+01 1.5114539943e+01 4.2079823791e+00 -1.3244785030e+01 4.2079825524e+00 1.3244785030e+01 1.0000000000e+00 2.7393698963e+01 2.6508089516e+01 -6.9091195579e+00 1.6219522478e+01 2.5221564884e-01 9.6767105283e-01
2.3594497480e-04 1.5190188872e-04 6.0642453721e-01 -6.6548551978e+00 -9.8876571344e+00 1.4677127488e+01 3.8332272073e+00 -1.3114459805e+01 3.8332272528e+00 1.3114459805e+01 1.0000000000e+00 2.6390026082e+01 2.5152232527e+01 -7.9874073069e+00 1.5882970012e+01 3.0266765490e-01 9.5309616025e-01
-2.9815846954e-04 5.7510858459e-05 2.4316846299e+00 3.1688318696e+01 -6.1122133826e+00 5.5259841335e+01 3.0064019894e+01 -3.3744548647e+01 3.0064019894e+01 3.3744548647e+01 0.0000000000e+00 nan nan nan nan nan nan
2.7255665162e-04 1.3728253135e-04 -1.4996385603e+00 -7.4898441085e+00 -7.7881184735e+00 1.4068263002e+01 3.4784369143e+00 -1.2766193948e+01 3.4784369143e+00 1.2766193948e+01 1.0000000000e+00 2.3499156633e+01 2.1223753282e+01 -1.0087747969e+01 1.5093312327e+01 4.2928127704e-01 9.0317085049e-01
2.8104633849e-04 1.3344035968e-04 -1.9349083411e+00 -7.6760111142e+00 -7.1755459313e+00 1.4047673037e+01 3.5552006731e+00 -1.2665654946e+01 3.5552006731e+00 1.2665654946e+01 1.0000000000e+00 2.2823951045e+01 2.0323822506e+01 -1.0386288078e+01 1.4945101503e+01 4.5506091641e-01 8.9046030925e-01
-3.1373170085e-05 1.2432515207e-04 -2.4194114323e+01 6.6988206060e-02 -3.1972020366e+01 6.7156626427e+00 -2.4205777710e+01 -3.1960356979e+01 -1.3374232728e-07 3.1960356979e+01 0.0000000000e+00 nan nan nan nan nan nan
-1.1061249075e-05 1.2566595991e-04 -3.1211163345e+01 -2.4540463209e+00 -3.2618404421e+01 4.3230228198e+00 -2.9418885494e+01 -3.4410682272e+01 1.7452691299e-08 3.4410682272e+01 0.0000000000e+00 nan nan nan nan nan nan
3.5453222307e-04 7.5254573227e-05 -5.6213021570e+00 -9.9485222566e+00 3.4510031188e+00 1.8934003168e+01 9.8464023068e+00 -1.2016701345e+01 9.8464023068e+00 1.2016701345e+01 1.0000000000e+00 1.0626054082e+01 6.7944474896e+00 -8.1699760507e+00 1.3642028366e+01 7.6886264530e-01 6.3941397597e-01
3.5738641755e-04 7.1753376162e-05 -5.7475227227e+00 -1.0088756687e+01 4.3322702648e+00 1.9528630233e+01 1.0567233693e+01 -1.1982486151e+01 1.0567233693e+01 1.1982486151e+01 1.0000000000e+00 9.9558533124e+00 6.2181042207e+00 -7.7752295837e+00 1.3620971958e+01 7.8097068525e-01 6.2456768150e-01
3.3903630796e-04 1.4816410364e-05 -6.5101092699e-01 -1.2840950127e+01 -3.7205002519e+00 2.2394743008e+01 1.0743855314e+01 -1.5115366493e+01 1.0743855314e+01 1.5115366494e+01 0.0000000000e+00 nan nan nan nan nan nan
3.6308232855e-04 6.4663861554e-05 -6.0054184335e+00 -1.0350810447e+01 6.3193789461e+00 2.0859959480e+01 1.2200483477e+01 -1.1886522965e+01 1.2200483477e+01 1.1886522965e+01 1.0000000000e+00 7.9082982203e+00 4.5731983110e+00 -6.4519018861e+00 1.3582673384e+01 8.1583947728e-01 5.7827843408e-01
3.6826079405e-04 5.6843202220e-05 -6.1576083078e+00 -1.0730458247e+01 8.6304983767e+00 2.2564740267e+01 1.4264203902e+01 -1.1791313833e+01 1.4264203902e+01 1.1791313829e+01 1.0000000000e+00 6.5494535574e+00 3.5773063894e+00 -5.4861845482e+00 1.3579024034e+01 8.3765530974e-01 5.4619921464e-01
3.7326344104e-04 4.8924215951e-05 -6.2595869063e+00 -1.1140004318e+01 1.1374145420e+01 2.4597768501e+01 1.6758807523e+01 -1.1644249009e+01 1.6758807523e+01 1.1644248930e+01 1.0000000000e+00 5.2201758770e+00 2.6806489548e+00 -4.4793255482e+00 1.3593911305e+01 8.5807943139e-01 5.1351698066e-01
3.8867569942e-04 1.7352203506e-05 -3.1860898744e+00 -1.6454266792e+01 2.9611566768e+01 4.0192032196e+01 3.6417619054e+01 -9.9921421608e+00 3.6417619054e+01 1.0011221232e+01 1.0000000000e+00 5.2363807603e-01 1.9997885021e-01 -4.8394761507e-01 1.3876928129e+01 9.2420249257e-01 3.8190280533e-01
-2.0257134713e-04 9.5731077996e-05 -4.7793868722e+00 1.8069920290e+01 -2.4933929771e+01 3.5832453679e+01 5.8312184561e+00 -3.5544535099e+01 5.8312184560e+00 3.5544535099e+01 1.0000000000e+00 1.7612371912e+01 1.6858306696e+01 5.0983467625e+00 2.2381224839e+01 -2.8947530679e-01 9.5718548190e-01
-3.1701287773e-04 4.0320048333e-05 4.8024792596e+01 3.0987016425e+01 -2.2751566495e+00 6.9173635552e+01 6.2812235080e+01 -1.7062599134e+01 6.2812235080e+01 1.7062599134e+01 0.0000000000e+00 nan nan nan nan nan nan
7.4536700834e-05 1.4292320061e-04 -1.3960341300e+01 -5.6560118227e+00 7.2683442723e+00 1.5328385829e+01 5.5038491705e+00 -1.2195846198e+01 7.5770502237e+00 1.2888268296e+01 1.0000000000e+00 1.1837854972e+01 6.6577902769e+00 9.7881887481e+00 2.1663499282e+01 -8.2685493032e-01 5.6241525957e-01
3.7800381429e-04 4.0521367716e-05 -6.2129021657e+00 -1.1700639690e+01 1.4769307836e+01 2.7207392537e+01 1.9986398240e+01 -1.1429992570e+01 1.9986398240e+01 1.1429996173e+01 1.0000000000e+00 3.3461352694e+00 1.5539281320e+00 -2.9634318959e+00 1.3651372927e+01 8.8562824193e-01 4.6439489349e-01
-6.6458543078e-05 1.2138508467e-04 -1.4461057065e+01 3.8637783822e+00 -3.1274541777e+01 1.6015877339e+01 -1.3621028329e+01 -3.2114570514e+01 1.5627728545e-05 3.2114570514e+01 0.0000000000e+00 nan nan nan nan nan nan
-3.6550304338e-05 1.2405135116e-04 -2.2645966407e+01 6.8112235683e-01 -3.1840473197e+01 8.0273810111e+00 -2.2608609214e+01 -3.1877830390e+01 5.2829864850e-07 3.1877830390e+01 1.0000000000e+00 1.7866867897e+01 1.7812542535e+01 1.3922273088e+00 2.0281686680e+01 -7.7922292639e-02 9.9695943564e-01
2.8483353808e-04 1.3155702207e-04 -2.1306245035e+00 -7.7620167161e+00 -6.8831459755e+00 1.4059135583e+01 3.6101604741e+00 -1.2623930953e+01 3.6101604741e+00 1.2623930953e+01 1.0000000000e+00 2.2470460774e+01 1.9857524749e+01 -1.0516668591e+01 1.4872039824e+01 4.6802193764e-01 8.8371684712e-01
-1.5953658810e-04 1.0908894502e-04 -5.7469709597e+00 1.3165426589e+01 -2.8022941859e+01 2.9866785610e+01 3.5864030218e-01 -3.4128553121e+01 2.6740305466e-01 3.4128553121e+01 1.0000000000e+00 1.8727365667e+01 1.8280543842e+01 4.0664409098e+00 2.1806890374e+01 -2.1713897096e-01 9.7614070056e-01
3.8464778363e-04 2.6478522225e-05 -5.3031586758e+00 -1.3564928926e+01 2.2224386197e+01 3.3446636662e+01 2.7771038441e+01 -1.0849810919e+01 2.7771038441e+01 1.0849549125e+01 1.0000000000e+00 1.2719258495e+00 5.1413688538e-01 -1.1633824091e+00 1.3788887000e+01 9.1466213185e-01 4.0421922833e-01
-2.5932401842e-04 7.5012226666e-05 -9.6189334311e+00 2.4833742449e+01 -1.6093490703e+01 4.3365448046e+01 1.2180841036e+01 -3.7893265170e+01 1.2180841036e+01 3.7893265170e+01 1.0000000000e+00 1.4802893986e+01 1.3636912037e+01 5.7584981076e+00 2.3038691840e+01 -3.8901164279e-01 9.2123283798e-01
3.5669449584e-04 6.7786112019e-05 -5.4389515771e+00 -1.0590213442e+01 4.5068042259e+00 2.0260004636e+01 1.1231045455e+01 -1.2163192806e+01 1.1231045455e+01 1.2163192806e+01 0.0000000000e+00 nan nan nan nan nan nan
-3.8748651632e-04 8.3028196959e-06 1.4260328862e+02 1.2745298718e+02 1.0604191137e+02 2.2319403576e+02 2.5318373662e+02 -4.5385366286e+00 2.5318373662e+02 5.5428716738e+00 1.0000000000e+00 2.4480088880e+00 1.7761632930e+00 1.6846339282e+00 2.3892156310e+01 -6.8816495581e-01 7.2555426647e-01
6.2118528922e-05 1.3678047767e-04 -5.7338709496e+01 -1.9081950737e+01 -4.2250049363e+01 3.5384129905e+01 -2.9365342504e+01 -7.0223416355e+01 -6.8908343338e-05 7.0223406536e+01 1.0000000000e+00 6.9001083750e+00 6.5184110162e+00 2.2631423751e+00 2.0350160209e+01 -3.2798649704e-01 9.4468241106e-01
-1.9800473598e-04 9.7002621159e-05 -4.4547200974e+00 1.7627211732e+01 -2.5363082552e+01 3.5494479726e+01 5.5838461001e+00 -3.5401648749e+01 5.5838461000e+00 3.5401648749e+01 1.0000000000e+00 1.7849287813e+01 1.7151647037e+01 4.9414653027e+00 2.2287969966e+01 -2.7684383570e-01 9.6091492372e-01
-3.3604983027e-04 4.4532095424e-05 4.0802512797e+01 3.5465684765e+01 9.3737286585e+00 6.7075099366e+01 6.3813947403e+01 -1.3637705947e+01 6.3813947403e+01 1.3637705959e+01 0.0000000000e+00 nan nan nan nan nan nan
2.1386451745e-04 1.5834490395e-04 2.1298264106e+00 -6.1249585072e+00 -1.0873048828e+01 1.5469866139e+01 4.5599201709e+00 -1.3303142589e+01 4.5599203195e+00 1.3303142589e+01 1.0000000000e+00 2.7881734755e+01 2.7155665513e+01 -6.3214684586e+00 1.6393755489e+01 2.2672435966e-01 9.7395896461e-01
-1.5122174395e-04 1.0870865358e-04 -4.0312617295e+00 1.2686102491e+01 -2.8602499806e+01 3.0585608321e+01 1.3417284300e+00 -3.3975489965e+01 1.2724154786e+00 3.3975489965e+01 1.0000000000e+00 1.8846452989e+01 1.8442533998e+01 3.8809444737e+00 2.1708674763e+01 -2.0592439734e-01 9.7856790392e-01
-1.7703139045e-04 1.0269196490e-04 -3.7757373054e+00 1.5427810189e+01 -2.7050249915e+01 3.3469423100e+01 3.9105868260e+00 -3.4736574046e+01 3.9103831131e+00 3.4736574046e+01 1.0000000000e+00 1.8349271320e+01 1.7784267000e+01 4.5183631191e+00 2.2049804075e+01 -2.4624210086e-01 9.6920835106e-01
-2.3233795673e-04 8.5861299993e-05 -7.3618144537e+00 2.0940618027e+01 -2.1347523063e+01 3.8233167373e+01 7.7192607165e+00 -3.6428598233e+01 7.7192607165e+00 3.6428598233e+01 1.0000000000e+00 1.6588727535e+01 1.5629591051e+01 5.5589355839e+00 2.2700082336e+01 -3.3510319415e-01 9.4218143119e-01
2.9646797269e-04 1.2112019389e-04 -2.7950467706e+00 -8.1972507413e+00 -5.9027475292e+00 1.4449812378e+01 3.9937059161e+00 -1.2691500216e+01 3.9937059161e+00 1.2691500216e+01 0.0000000000e+00 nan nan nan nan nan nan
2.9294264225e-04 1.2363344327e-04 -2.6205745398e+00 -8.0871999637e+00 -6.2214733707e+00 1.4349409974e+01 3.8636117560e+00 -1.2705659667e+01 3.8636117560e+00 1.2705659667e+01 0.0000000000e+00 nan nan nan nan nan nan
2.7013659168e-05 1.2896814366e-04 -4.3507364154e+01 -7.2795884648e+00 -3.3781402253e+01 1.5116060212e+01 -2.9917121771e+01 -4.7371644636e+01 -1.5645606856e-08 4.7371644636e+01 1.0000000000e+00 1.3246811079e+01 1.3175197854e+01 1.3755599777e+00 1.9841220683e+01 -1.0384083909e-01 9.9459392726e-01
-8.9268569120e-05 1.1937770892e-04 -1.0376752166e+01 6.2625838159e+00 -3.0739531316e+01 2.0699768399e+01 -8.6071248843e+00 -3.2509158598e+01 1.9951705609e-04 3.2509158598e+01 1.0000000000e+00 1.9064950125e+01 1.8914224463e+01 2.3925794112e+00 2.0908066251e+01 -1.2549623238e-01 9.9209409617e-01
-1.9361271097e-04 9.8259992812e-05 -4.2485926352e+00 1.7173648261e+01 -2.5752242294e+01 3.5091238390e+01 5.2595184660e+00 -3.5260353395e+01 5.2595184649e+00 3.5260353395e+01 1.0000000000e+00 1.7959546993e+01 1.7289471807e+01 4.8599889734e+00 2.2240671644e+01 -2.7060754791e-01 9.6268975013e-01
1.9590125706e-04 1.6197768496e-04 3.5203241893e+00 -5.6526792731e+00 -1.1583890481e+01 1.6337230021e+01 5.4005210044e+00 -1.3464087296e+01 5.4005184449e+00 1.3464087296e+01 1.0000000000e+00 2.9063706189e+01 2.8683863991e+01 -4.6834777690e+00 1.6848189778e+01 1.6114523518e-01 9.8693070333e-01
-7.1716132755e-05 1.2113309106e-04 -1.3533110147e+01 4.4464681346e+00 -3.1140176568e+01 1.7076707746e+01 -1.2477401543e+01 -3.2195885171e+01 3.4381952122e-06 3.2195885172e+01 1.0000000000e+00 1.8865215629e+01 1.8753821610e+01 2.0470798125e+00 2.0708920327e+01 -1.0851080914e-01 9.9409526923e-01
-1.3037406321e-04 1.1268018769e-04 -5.0557059277e+00 1.0501440609e+01 -2.9544471929e+01 2.7937743674e+01 -1.1702250975e+00 -3.3429952759e+01 -9.8034608476e-03 3.3429952759e+01 1.0000000000e+00 1.9061759124e+01 1.8754028923e+01 3.4113135393e+00 2.1460524514e+01 -1.7896110832e-01 9.8385614889e-01
4.3122554718e-05 1.3085599216e-04 -4.9042771514e+01 -1.0326030347e+01 -3.5779485141e+01 2.1192898416e+01 -3.0175402722e+01 -5.4646853933e+01 8.9974529466e-08 5.4646853933e+01 1.0000000000e+00 1.1102949626e+01 1.0976815867e+01 1.6688330689e+00 1.9890063973e+01 -1.5030538057e-01 9.8863961714e-01
2.2785803788e-04 1.5140705526e-04 7.5967363174e-01 -6.5466484822e+00 -1.0313679249e+01 1.4850090890e+01 3.7967011640e+00 -1.3350706781e+01 3.7967014977e+00 1.3350706781e+01 0.0000000000e+00 nan nan nan nan nan nan
-3.7824788765e-04 1.4286507676e-05 9.8038385076e+01 8.9700179235e+01 6.5311038947e+01 1.5790008060e+02 1.7283836605e+02 -9.4889420256e+00 1.7283836605e+02 9.5245639043e+00 1.0000000000e+00 4.6877628941e+00 3.4463130792e+00 3.1777424551e+00 2.3995671548e+01 -6.7788037214e-01 7.3517222544e-01
-3.5544839228e-04 3.2527428923e-05 5.8712971584e+01 5.3791924787e+01 2.9324233437e+01 9.6554461791e+01 9.9764347017e+01 -1.1727141996e+01 9.9764347017e+01 1.1727182881e+01 1.0000000000e+00 9.7256942508e+00 7.7974938786e+00 5.8127633594e+00 2.3972892076e+01 -5.9767078931e-01 8.0174162148e-01
-7.4398386883e-05 1.2095468933e-04 -1.3054897409e+01 4.7346304965e+00 -3.1074733455e+01 1.7623937197e+01 -1.1889630547e+01 -3.2240000317e+01 -1.0292326009e-05 3.2240000317e+01 1.0000000000e+00 1.8926666208e+01 1.8806286494e+01 2.1312630242e+00 2.0758412936e+01 -1.1260636188e-01 9.9363967678e-01
-3.4068384090e-04 4.2467895160e-05 4.4693679009e+01 3.9994608504e+01 1.4647587779e+01 7.3998156342e+01 7.2393488877e+01 -1.3052222090e+01 7.2393488877e+01 1.3052222166e+01 1.0000000000e+00 1.3399215878e+01 1.1504626920e+01 6.8689552041e+00 2.3773943530e+01 -5.1263859515e-01 8.5860449030e-01
-5.4689037170e-05 1.2305299787e-04 -1.7845295454e+01 2.7343238218e+00 -3.1426882312e+01 1.2671370551e+01 -1.7320269684e+01 -3.1951908082e+01 -8.4993581854e-07 3.1951908082e+01 1.0000000000e+00 1.8526584863e+01 1.8445698086e+01 1.7293261183e+00 2.0513760208e+01 -9.3342951823e-02 9.9563401576e-01
3.1701198173e-05 1.2979386237e-04 -4.5753031273e+01 -7.9818037418e+00 -3.4089419906e+01 1.7082337743e+01 -3.0058733295e+01 -4.9783717884e+01 -2.9982212951e-08 4.9783717884e+01 1.0000000000e+00 1.2781823010e+01 1.2702663644e+01 1.4203294714e+00 1.9837513243e+01 -1.1112104043e-01 9.9380687982e-01
-3.2092965114e-04 5.1158604814e-05 2.9346806218e+01 2.4984086544e+01 -4.5240787910e+00 5.2153995602e+01 4.2522487114e+01 -1.7699759687e+01 4.2522487114e+01 1.7699759686e+01 1.0000000000e+00 1.3415619848e+01 1.3368469949e+01 1.1237736176e+00 2.2629834750e+01 -8.3766060037e-02 9.9648544755e-01
7.9053020083e-05 1.4471500714e-04 -2.4270812470e+01 1.4886576475e+00 -2.4296894634e+01 -2.5765601355e-01 -2.4432611321e+01 -2.4135095783e+01 -4.1395884478e+00 2.3292011579e+01 0.0000000000e+00 nan nan nan nan nan nan
3.7510763944e-04 4.1470034645e-05 -5.7245377382e+00 -1.2174476041e+01 1.3490263701e+01 2.6857655266e+01 1.9389137479e+01 -1.1623411516e+01 1.9389137479e+01 1.1623409919e+01 0.0000000000e+00 nan nan nan nan nan nan
3.6539257080e-04 5.7610627579e-05 -5.8074984544e+00 -1.1008841645e+01 7.7433413947e+00 2.2387379023e+01 1.3893280775e+01 -1.1957437835e+01 1.3893280775e+01 1.1957437837e+01 0.0000000000e+00 nan nan nan nan nan nan
1.2142623332e-04 1.6100555384e-04 4.0084601058e+00 -5.7264497285e-01 -1.7041016228e+01 1.8238298284e+01 4.0136083625e+00 -1.7046164485e+01 4.0341182869e+00 1.7046164483e+01 1.0000000000e+00 2.8577721849e+01 2.7548493949e+01 7.6004386179e+00 1.9625376661e+01 -2.6595677074e-01 9.6398495637e-01
