x_m y_m von_mises_Pa wss_mag_dyn_cm2
3.8622363884e-04 3.0665722159e-05 3.0361582810e+01 1.7915507427e+00
3.7718357537e-04 4.8237316124e-05 2.3867076399e+01 4.6964135554e+00
3.7220348282e-04 5.6456469855e-05 2.1700555343e+01 6.0215661519e+00
3.6692046132e-04 6.4322627876e-05 1.9936029045e+01 8.0733517795e+00
3.6134596570e-04 7.1847909155e-05 1.8484251822e+01 9.4514303000e+00
3.5845366940e-04 7.5485907784e-05 1.7855217883e+01 1.0135399562e+01
3.5549369775e-04 7.9042263520e-05 1.7283486799e+01 1.0814226145e+01
3.5246790020e-04 8.2518048493e-05 1.6763976206e+01 1.1486734503e+01
3.4937813198e-04 8.5914242634e-05 1.6291772981e+01 1.2800534283e+01
3.4301395603e-04 9.2471537051e-05 1.5476867616e+01 1.4069911526e+01
3.3974322431e-04 9.5634315970e-05 1.5126515113e+01 1.4684047865e+01
3.3641574297e-04 9.8721001732e-05 1.4812744077e+01 1.5285105773e+01
3.3303325381e-04 1.0173237861e-04 1.4529644807e+01 1.5871289046e+01
3.2611017113e-04 1.0753202386e-04 1.4051872938e+01 1.7557464100e+01
3.2257284218e-04 1.1032173219e-04 1.3854827603e+01 1.8090434582e+01
3.1535449479e-04 1.1568424478e-04 1.3533442163e+01 1.9110386141e+01
3.0418995389e-04 1.2319476246e-04 1.3218910066e+01 2.0549679249e+01
2.9265349230e-04 1.3007786254e-04 1.3081729834e+01 2.2307725790e+01
2.8077732839e-04 1.3634452884e-04 1.3105105707e+01 2.3526488218e+01
2.6445975716e-04 1.4375016566e-04 1.3384484480e+01 2.5462772902e+01
2.5188513427e-04 1.4858773242e-04 1.3801183136e+01 2.6614179383e+01
4.3982533373e-05 1.4903275386e-04 2.5566916929e+01 2.6698990447e+01
3.1657834428e-05 1.3911150900e-04 5.8800906861e+01 8.4799918264e+00
2.9673589729e-05 1.3840601426e-04 5.3241198825e+01 4.8265996194e+00
1.2376671575e-05 1.3452981104e-04 2.8307915953e+01 1.0512509801e+01
-6.3217762168e-06 1.3203305116e-04 1.4666779334e+01 1.3221018088e+01
-2.3145433552e-05 1.3036536547e-04 8.9438430703e+00 1.5277441688e+01
-4.0381646336e-05 1.2879023672e-04 1.8819282838e+00 1.6546410427e+01
-4.2875693770e-05 1.2855842024e-04 1.5365951275e+00 1.6799568095e+01
-5.7988414774e-05 1.2709033131e-04 5.8160087350e+00 1.7443312849e+01
-6.0530101434e-05 1.2682967641e-04 6.6443936212e+00 1.7621955135e+01
-7.5899557332e-05 1.2514452103e-04 1.1303215768e+01 1.8189314809e+01
-7.8479214250e-05 1.2484127206e-04 1.2025643305e+01 1.8298408251e+01
-9.1443619061e-05 1.2321684706e-04 1.5352849937e+01 1.8558591871e+01
-9.4048424898e-05 1.2286907591e-04 1.5969334097e+01 1.8624697237e+01
-1.0974555700e-04 1.2060899019e-04 1.9362204676e+01 1.8799641272e+01
-1.1237149493e-04 1.2020208083e-04 1.9879707816e+01 1.8799641272e+01
-1.2553267208e-04 1.1803032535e-04 2.2262706657e+01 1.8849422723e+01
-1.2817003966e-04 1.1756771629e-04 2.2702924061e+01 1.8849422723e+01
-1.4137351951e-04 1.1510743495e-04 2.4734596782e+01 1.8792626205e+01
-1.4401641904e-04 1.1458522499e-04 2.5110076009e+01 1.8792626205e+01
-1.5723331134e-04 1.1181809662e-04 2.6844666546e+01 1.8641255175e+01
-1.6251826175e-04 1.1063671875e-04 2.7478080369e+01 1.8589696627e+01
-1.7307834489e-04 1.0814238837e-04 2.8653167097e+01 1.8403493747e+01
-1.7835102325e-04 1.0682809014e-04 2.9198256280e+01 1.8330388111e+01
-1.8624747746e-04 1.0477088875e-04 2.9974705696e+01 1.8168980416e+01
-1.9412529837e-04 1.0260890249e-04 3.0704009738e+01 1.7985594268e+01
-1.9936482664e-04 1.0110838338e-04 3.1158845374e+01 1.7779898073e+01
-2.0198043775e-04 1.0034014937e-04 3.1380794241e+01 1.7779898073e+01
-2.0720253038e-04 9.8767455561e-05 3.1806820629e+01 1.7550544129e+01
-2.1501052894e-04 9.6316891893e-05 3.2405037070e+01 1.7296284813e+01
-2.1760582883e-04 9.5475444730e-05 3.2594447823e+01 1.7296284813e+01
-2.2278443487e-04 9.3755366657e-05 3.2951425653e+01 1.7015778871e+01
-2.3051948312e-04 9.1082023930e-05 3.3416762822e+01 1.6706330655e+01
-2.3820968181e-04 8.8296865668e-05 3.3708103292e+01 1.6369873181e+01
-2.4330612834e-04 8.6378463909e-05 3.3748898949e+01 1.6188008980e+01
-2.4584316033e-04 8.5400782603e-05 3.3834061329e+01 1.5994793315e+01
-2.5089395168e-04 8.3408169924e-05 3.4535748649e+01 1.5786491186e+01
-2.5842575854e-04 8.0323552608e-05 3.6624460479e+01 1.5324172896e+01
-2.6592546252e-04 7.7121722857e-05 3.8308469515e+01 1.4808381736e+01
-2.6841755763e-04 7.6029720302e-05 3.8754235899e+01 1.4528656635e+01
-2.7090524111e-04 7.4926163275e-05 3.9195079998e+01 1.4232876927e+01
-2.7338849329e-04 7.3811556522e-05 3.9645800757e+01 1.4232876927e+01
-2.7834203353e-04 7.1551450112e-05 4.0613683010e+01 1.3588107318e+01
-2.8081287747e-04 7.0407310845e-05 4.1132577491e+01 1.3588107318e+01
-2.8328016778e-04 6.9255025543e-05 4.1681724886e+01 1.3236945688e+01
-2.8574451690e-04 6.8095656344e-05 4.2271615046e+01 1.2864186865e+01
-2.9312795499e-04 6.4589327016e-05 4.4373946517e+01 1.2050783236e+01
-2.9558985630e-04 6.3417581694e-05 4.5219416791e+01 1.2050783236e+01
-2.9805483900e-04 6.2248654823e-05 4.6170611377e+01 1.1610711363e+01
-3.0052514232e-04 6.1086242582e-05 4.7244212673e+01 1.1140416403e+01
-3.1053387453e-04 5.6618597053e-05 5.3432613618e+01 9.6528757557e+00
-3.2148040048e-04 5.3208146819e-05 6.9116616166e+01 1.0150116849e+01
-3.2496250682e-04 5.2492939455e-05 6.8710146480e+01 1.1579342902e+01
-3.2953994579e-04 5.1383388728e-05 6.5845697611e+01 1.4653778133e+01
-3.3508916093e-04 4.9261286680e-05 7.6907792675e+01 1.5159939062e+01
-3.4061296450e-04 4.6474558661e-05 8.3801230110e+01 1.3805600680e+01
-3.4609114061e-04 4.3307645680e-05 8.9810629665e+01 1.2968992551e+01
-3.5156108228e-04 3.9827329726e-05 9.7460130996e+01 1.1417092630e+01
-3.5704814207e-04 3.6055131115e-05 1.0702641224e+02 1.0667662776e+01
-3.6816594794e-04 2.7620315047e-05 1.3471468336e+02 7.7843863885e+00
-3.7964221805e-04 1.7837211446e-05 1.8752834373e+02 4.8506528582e+00
9.5247399445e-05 1.5803715309e-04 1.4912965999e+01 2.7615053743e+01
3.0485893829e-04 1.1851199646e-04 1.3493026535e+01 2.0549679249e+01
3.2565485667e-04 1.0354509144e-04 1.4436175527e+01 1.7012901452e+01
-3.0381001385e-04 5.7096240539e-05 5.4131899069e+01 1.0654315777e+01
3.4534328871e-04 8.4932263995e-05 1.6449168155e+01 1.2800534283e+01
3.6043135206e-04 6.7866323644e-05 1.9210783898e+01 8.7628678358e+00
-1.4409225720e-05 1.2894978632e-04 1.0714653320e+01 1.4427980249e+01
7.1757820358e-06 1.3152932199e-04 1.9826193667e+01 1.1328209347e+01
2.7371577702e-05 1.3532276388e-04 3.5377854130e+01 4.8265996194e+00
8.0272310687e-05 1.5585678214e-04 1.6209987055e+01 2.8096173868e+01
3.7090466676e-04 5.2602651394e-05 2.2638080035e+01 6.0215661519e+00
3.8016404923e-04 3.6071301969e-05 2.7957152513e+01 2.8591387944e+00
2.8931194902e-04 1.2818487399e-04 1.3209993242e+01 2.2307725790e+01
-2.9038716023e-05 1.2761450496e-04 4.2303821772e+00 1.5637034609e+01
-1.9255584181e-05 1.2849567251e-04 8.6292666888e+00 1.4875738711e+01
-9.5878678105e-06 1.2942919471e-04 1.1917783431e+01 1.3657611328e+01
2.2992469161e-05 1.3421319316e-04 3.1761022305e+01 6.8916397161e+00
7.2309526158e-05 1.5498091027e-04 1.7230606394e+01 2.8242766235e+01
-2.5159899698e-04 8.1062742460e-05 3.7750665414e+01 1.5561925589e+01
2.9699786661e-04 1.2382531402e-04 1.3298335892e+01 2.1448765796e+01
3.5179803143e-04 7.8105754013e-05 1.7436322226e+01 1.1486734503e+01
3.7605358642e-04 4.4593342001e-05 2.4945448491e+01 4.0613244776e+00
3.9073829135e-04 1.2580895631e-05 4.4911447198e+01 5.0246839068e-02
-2.2352603829e-04 3.9582586521e-05 1.2808087574e+02 nan
1.1173170286e-04 6.6439029999e-05 3.3356294146e+01 nan
1.3267838981e-04 6.5347042534e-05 2.9347347266e+01 nan
2.7007053544e-04 6.5906149316e-05 1.2615492622e+01 nan
1.7746355863e-04 1.1817335813e-04 9.6344697925e+00 nan
1.5678906813e-04 1.1789315559e-04 1.0103324318e+01 nan
4.3565682429e-05 9.0748280947e-05 2.7581531066e+01 nan
-2.2424121558e-04 6.5968467086e-05 7.0430927977e+01 nan
2.4481673816e-04 3.8495211551e-05 3.6574978682e+01 nan
2.2569490312e-04 3.9096786895e-05 3.4365170097e+01 nan
2.8983168750e-04 9.1903445883e-05 1.3887451051e+01 nan
2.0232717426e-04 9.1518967120e-05 1.1042587463e+01 nan
3.3544150724e-04 6.6806221674e-05 1.8251237321e+01 nan
-1.5744485553e-04 6.6313934509e-05 7.7761115102e+01 nan
-8.9382454354e-05 6.4564500251e-05 8.3229228468e+01 nan
-6.7251133958e-05 6.4503328428e-05 8.4100299704e+01 nan
-4.5103026598e-05 6.4758137500e-05 8.3677867836e+01 nan
-2.3101872642e-05 6.5456137355e-05 8.0289650771e+01 nan
4.7670407270e-07 6.5032481837e-05 7.2798955305e+01 nan
1.8074057097e-04 9.2213024432e-05 1.2199781863e+01 nan
4.4035408604e-05 1.1781169085e-04 1.2355242286e+01 nan
1.5626428657e-04 1.4401726723e-04 1.1319480362e+01 nan
2.7070589651e-04 9.1353742712e-05 1.2446577997e+01 nan
2.9171470262e-04 3.7964863511e-05 1.5565260355e+01 nan
9.0743981510e-05 6.4884016528e-05 3.8976302817e+01 nan
2.0274432634e-04 3.8766320814e-05 3.6059541246e+01 nan
-1.5557788750e-04 3.9186934042e-05 1.3119661576e+02 nan
6.8432997810e-05 3.9353189273e-05 8.7997488846e+01 nan
8.8726558260e-05 3.9037602937e-05 7.5338424072e+01 nan
1.5619021942e-04 9.1800386005e-05 1.3926221863e+01 nan
2.2380594298e-04 6.6389130976e-05 1.6404037213e+01 nan
1.8060161606e-04 1.3525656113e-05 8.9322609980e+01 nan
1.5692144020e-04 1.2254697497e-05 1.2337203509e+02 nan
1.3408590686e-04 1.3319271672e-05 1.4837096508e+02 nan
1.1092636629e-04 1.2814166738e-05 1.8448831282e+02 nan
-2.1680639322e-05 1.1975832943e-05 1.9520661532e+02 nan
-4.4788594626e-05 1.1895354959e-05 1.9686685299e+02 nan
1.7977644627e-04 1.4304368248e-04 1.0535472666e+01 nan
9.0823576826e-05 1.1763945451e-04 9.1350642382e+00 nan
1.1180700174e-04 9.1444476902e-05 1.7788135910e+01 nan
2.7043806204e-04 1.1725553171e-04 1.2939694025e+01 nan
-8.7982755499e-07 1.3623677423e-05 1.8882770902e+02 nan
-1.7929276343e-04 1.1945715884e-05 2.0605900505e+02 nan
-2.0208473007e-04 1.2022821431e-05 2.1054259479e+02 nan
2.0126581940e-04 1.4459543242e-04 1.0285118991e+01 nan
-1.8037519608e-04 6.5651676081e-05 7.7422623749e+01 nan
3.1258329105e-04 9.3026893849e-05 1.5043155471e+01 nan
2.6794589920e-04 3.8063006988e-05 2.4560589994e+01 nan
1.1336872433e-04 1.4516289106e-04 1.2956659752e+01 nan
9.0208932500e-05 1.4315592854e-04 1.1781529048e+01 nan
-2.2903198594e-05 1.1692097949e-04 1.4128047080e+01 nan
-7.7451241766e-07 1.1744668965e-04 1.5793582734e+01 nan
2.8998999094e-04 1.2107711513e-05 4.2633579674e+01 nan
2.7018956747e-04 1.1555594440e-05 4.4563130479e+01 nan
-2.1656177580e-05 9.2316142021e-05 4.4443164207e+01 nan
-4.4478950194e-05 9.1209554540e-05 4.5623819988e+01 nan
-6.7455391100e-05 9.0871869398e-05 4.5335460195e+01 nan
-2.2467426499e-04 1.2143935038e-05 2.1608545758e+02 nan
-6.6085878077e-05 1.1734709310e-04 1.4662833246e+01 nan
3.1414688852e-04 1.2961962578e-05 2.7174355186e+01 nan
2.2463483169e-04 9.0653582290e-05 9.9822812597e+00 nan
-1.1326874599e-04 9.1689770704e-05 4.4327780496e+01 nan
6.8995776172e-05 1.1789769322e-04 1.0451057859e+01 nan
-2.9035989030e-04 3.9876353678e-05 9.0998133921e+01 nan
-3.3584260797e-04 3.8378903621e-05 6.9199628548e+01 nan
2.2397958121e-04 1.4529469253e-04 1.2762375862e+01 nan
-1.1148758842e-04 1.1422664971e-04 2.3352337145e+01 nan
3.5814237047e-04 1.1737031133e-05 2.4308788516e+01 nan
1.3325538544e-04 1.1655793019e-04 1.0652359244e+01 nan
-2.0087665367e-04 9.2866780763e-05 3.8764509682e+01 nan
-1.1347134383e-07 9.2461875293e-05 4.1146184548e+01 nan
1.7955767735e-04 6.6596003396e-05 2.3044365625e+01 nan
1.5759445592e-04 6.4927967900e-05 2.5175470485e+01 nan
-6.7345338577e-05 4.0254634425e-05 1.2984684371e+02 nan
-9.0053484709e-05 3.8596117352e-05 1.3329332474e+02 nan
8.8972123676e-05 9.3371077574e-05 1.9695165454e+01 nan
1.5746580066e-04 3.7713734116e-05 4.7692209627e+01 nan
2.8941190418e-04 1.1812774137e-04 1.3493393051e+01 nan
-2.8726289135e-04 6.0355666564e-05 5.5549104910e+01 nan
-8.9835917251e-05 1.1752725909e-04 1.8345259087e+01 nan
-2.4254051178e-04 8.1174095451e-05 4.1194745739e+01 nan
-1.1237704449e-04 4.0370314217e-05 1.2897195366e+02 nan
-2.2447719205e-04 8.8610963088e-05 3.8030074229e+01 nan
-2.6840161624e-04 1.2831194723e-05 2.2063694377e+02 nan
-1.3480990803e-04 9.0657280674e-05 4.5643823011e+01 nan
2.4804667784e-04 9.3213537968e-05 1.0677998528e+01 nan
-1.3510819596e-04 3.8910815224e-05 1.3190997497e+02 nan
-1.6891660567e-04 1.0361900929e-04 3.2469286051e+01 nan
2.0524606808e-04 1.5366091158e-04 1.2510111118e+01 2.5220862422e+01
-1.4310902061e-04 1.1024413137e-04 2.7967000771e+01 1.8792626205e+01
-2.5398372062e-04 7.7462851901e-05 4.2146485743e+01 nan
-2.5639614272e-04 7.5850759305e-05 4.3606293360e+01 nan
-1.6433753860e-04 1.0575177851e-04 3.1001019733e+01 1.8533300263e+01
-2.9432157823e-04 5.8896444857e-05 5.4715096231e+01 nan
-2.9178949303e-04 6.0242349987e-05 5.3365952240e+01 1.2050783236e+01
-1.7176430221e-04 1.0414007429e-04 3.1855593196e+01 1.8403493747e+01
3.2136510726e-04 1.0258077883e-04 1.4537922506e+01 nan
3.4446725755e-04 8.0440839557e-05 1.7040045252e+01 nan
-1.2643694945e-04 1.1279313933e-04 2.5546422879e+01 nan
1.9778137558e-04 1.5448650744e-04 1.1692181907e+01 2.4275542064e+01
-3.1029095776e-04 5.2163390799e-05 6.2246189781e+01 9.6528757557e+00
-3.0477978837e-04 5.4182675251e-05 5.9781600750e+01 nan
-3.0210402993e-04 5.5284936831e-05 5.8464418034e+01 1.0654315777e+01
-2.8428061781e-04 6.4303186295e-05 4.9696997879e+01 1.2864186865e+01
-2.6310048879e-04 7.3536747085e-05 4.4437854580e+01 1.4808381736e+01
-2.4743400133e-04 8.0276975185e-05 4.0559164768e+01 1.5786491186e+01
1.9082830687e-04 1.5473870890e-04 1.1460237474e+01 2.4021126709e+01
3.0797171006e-04 1.1466950684e-04 1.3698846744e+01 nan
-3.1391783412e-04 4.0558903920e-05 7.3172802734e+01 nan
-3.2999851773e-04 4.5681170755e-05 6.0837040287e+01 nan
-3.2490620492e-04 4.7332463155e-05 5.9990950283e+01 1.3218691264e+01
-2.4689343835e-04 1.2367315649e-05 2.2136338398e+02 nan
4.5869903850e-05 1.4383400513e-04 3.8081973549e+00 nan
3.8122050819e-04 1.2681887714e-05 3.4384219389e+01 nan
-1.5012143791e-04 1.0830766433e-04 2.9413508397e+01 nan
-1.8781899962e-04 9.9875087631e-05 3.3941927846e+01 1.8079891975e+01
-3.5663274556e-04 1.3471921293e-05 8.7282583503e+01 nan
3.3567530716e-04 4.0051719394e-05 2.0491412775e+01 nan
-1.1936206597e-04 1.1476877137e-04 2.3720280192e+01 1.8838952617e+01
1.1043167462e-04 1.1844321827e-04 1.0175525243e+01 nan
-1.0044243332e-04 1.1799499401e-04 1.9597721463e+01 1.8681389650e+01
-1.0718945602e-04 1.1621814782e-04 2.1570275601e+01 nan
-1.0981333876e-04 1.1643536385e-04 2.1731034879e+01 1.8799641272e+01
-3.5823570196e-04 2.8517965631e-05 1.0260583023e+02 nan
-3.5258649282e-04 3.1282334187e-05 9.1122194286e+01 nan
-3.6467983234e-04 2.5208776474e-05 1.1892613043e+02 7.7843863885e+00
-3.5012192530e-04 3.5102377142e-05 8.8935197026e+01 1.1417092630e+01
-3.4409722190e-04 3.8443692774e-05 7.8929385116e+01 nan
-3.7663440971e-04 1.2825966950e-05 1.4354850831e+02 nan
-3.6749888825e-04 2.0702061249e-05 1.2199058799e+02 nan
1.2142560458e-04 1.5835380040e-04 1.2760797650e+01 2.6590126726e+01
3.8199919788e-04 3.1133886167e-05 3.0085839479e+01 2.3056769045e+00
3.7586131902e-04 3.7754708743e-05 2.7093720250e+01 nan
-2.8929688865e-04 6.1639933563e-05 5.1985693602e+01 1.2469332306e+01
-2.6839745811e-04 6.5039925900e-05 5.6286107352e+01 nan
-2.7223094856e-04 6.9410396991e-05 4.6961191476e+01 nan
-2.7469755334e-04 6.8018222237e-05 4.8092432281e+01 nan
-2.4728770495e-04 3.9595323391e-05 1.2275247945e+02 nan
3.4176565607e-04 8.7984968553e-05 1.6053971104e+01 1.3444058102e+01
3.4865587224e-04 8.1448981548e-05 1.6934379918e+01 1.2145558028e+01
3.4811453411e-04 7.7114337479e-05 1.7548333372e+01 nan
3.3480743330e-04 1.4348032148e-05 2.0643370782e+01 nan
3.3190077276e-04 9.7467722899e-05 1.4994277269e+01 1.5871289046e+01
3.3493970850e-04 9.0752971418e-05 1.5711098361e+01 nan
3.1280226057e-04 6.6579972124e-05 1.6377879892e+01 nan
2.8238435127e-04 1.2815475734e-04 1.3258459746e+01 nan
2.8958636389e-04 6.6092801439e-05 1.4269117877e+01 nan
2.0232272746e-04 1.1603396358e-04 9.3372569886e+00 nan
1.3324613628e-04 1.4557465140e-04 1.2527699491e+01 nan
-2.3573564751e-04 8.4087322427e-05 3.9828673357e+01 nan
2.5460619036e-04 1.4292896212e-04 1.3518482299e+01 2.6225909564e+01
6.8248711965e-05 6.5580730623e-05 4.3883634609e+01 nan
-1.9237130310e-04 9.7788557689e-05 3.5251068271e+01 nan
-1.3607466883e-04 1.1145753976e-04 2.6934201135e+01 nan
-1.3866376327e-04 1.1155199464e-04 2.6955713320e+01 1.8816013184e+01
-1.1196874511e-04 1.3350433727e-05 1.9529227342e+02 nan
2.0111964003e-04 6.4902166475e-05 2.1432506657e+01 nan
8.9103385537e-05 1.4292285335e-05 1.9475808466e+02 nan
-6.5966033705e-05 1.3361120999e-05 1.9390130545e+02 nan
2.2728111962e-05 3.8766638367e-05 1.1727640482e+02 nan
4.4481829920e-05 1.3994625294e-05 1.8527678011e+02 nan
-1.5727691749e-04 1.0698600614e-04 3.0301182357e+01 nan
-1.5985023647e-04 1.0706832844e-04 3.0164408899e+01 1.8589696627e+01
2.4792206676e-04 1.1884963571e-04 1.1584347334e+01 nan
2.9767035810e-07 3.9689492983e-05 1.2204217145e+02 nan
1.4140551315e-05 1.3222576134e-04 2.4178193854e+01 9.5588985611e+00
-1.3309790579e-04 6.5401439878e-05 8.0206664769e+01 nan
-2.1552781918e-05 1.2571288417e-04 6.6539134543e+00 nan
-4.1628965679e-05 1.2432724497e-04 3.5327143158e+00 nan
-4.4440107844e-05 1.2415353709e-04 4.0758026789e+00 1.6799568095e+01
2.2999330581e-05 9.2461229925e-05 3.0536139001e+01 nan
-4.5134492699e-05 1.1775441146e-04 1.1873150443e+01 nan
-4.9532344943e-05 1.2380228852e-04 5.4379343999e+00 1.7033995399e+01
-6.5971853498e-05 1.2160675731e-04 1.0996296307e+01 nan
-1.9684505925e-04 9.6612216017e-05 3.5696187830e+01 nan
4.5721932910e-05 3.9796420786e-05 1.0492990251e+02 nan
-8.5878927514e-05 1.1961334696e-04 1.6303569020e+01 1.8482559768e+01
-8.3197264414e-05 1.1959091878e-04 1.5839380353e+01 nan
-1.2930875383e-04 1.1307976425e-04 2.5522789630e+01 1.8844802824e+01
4.4011663405e-05 6.6059991149e-05 5.0483429693e+01 nan
-1.1137067735e-04 6.4871294248e-05 8.1858982345e+01 nan
-1.7599003105e-04 1.0239618315e-04 3.2976587554e+01 nan
1.3585562837e-04 9.2322828307e-05 1.4736397478e+01 nan
-2.1765936751e-04 9.1326281106e-05 3.6859164855e+01 1.7159405114e+01
-2.1515705932e-04 9.0940650428e-05 3.7887826012e+01 nan
-2.1052505463e-04 9.2527784968e-05 3.7246543351e+01 nan
-2.0834992601e-04 9.4308333227e-05 3.5876875005e+01 1.7550544129e+01
-1.7791868048e-04 9.1981615463e-05 4.2621366211e+01 nan
3.5816910294e-04 3.8948142390e-05 2.4287091521e+01 nan
2.1893875301e-05 1.3800270350e-05 1.8611693812e+02 nan
6.6866680012e-05 1.4171645748e-05 1.8932317701e+02 nan
-8.8982782116e-05 1.3343443397e-05 1.9453566605e+02 nan
-1.3490275737e-04 1.3376143091e-05 1.9657622441e+02 nan
6.7661734857e-05 1.4320744633e-04 8.8861412971e+00 nan
3.1228405473e-04 4.0829489480e-05 1.7340119216e+01 nan
-1.5701610106e-04 9.2118780044e-05 4.3721956018e+01 nan
-2.0129714573e-04 3.8548697311e-05 1.3245661455e+02 nan
2.2534378268e-04 1.1970934067e-04 9.8590243358e+00 nan
-2.4698905046e-04 6.5821153279e-05 6.3943877940e+01 nan
-1.5776240108e-04 1.3419309924e-05 1.9867638117e+02 nan
-1.7907114157e-04 3.9657449232e-05 1.3004744410e+02 nan
-2.0273786402e-04 6.5455559296e-05 7.5315189358e+01 nan
-2.6965863940e-04 3.8733637847e-05 1.1373530572e+02 nan
-3.3663266641e-04 1.3371461824e-05 1.3111415807e+02 nan
-2.9189394287e-04 1.2280505973e-05 2.1154303250e+02 nan
-3.1209930729e-04 1.2165235508e-05 1.8248642246e+02 nan
2.4663178165e-04 1.3071246175e-05 4.7345306717e+01 nan
6.6896432759e-05 9.2278244805e-05 2.3009439712e+01 nan
2.2336232746e-04 1.4082312161e-05 5.7163684116e+01 nan
2.4634316185e-04 6.4414867688e-05 1.3287847050e+01 nan
2.0358900460e-04 1.2706983637e-05 7.3756562120e+01 nan
1.8002882328e-04 3.8245567323e-05 4.0775400826e+01 nan
2.3115808671e-05 1.1856017496e-04 1.5695743437e+01 nan
-9.0449489766e-05 9.1067302959e-05 4.4855378182e+01 nan
-4.4621219759e-05 3.8748222776e-05 1.3224155976e+02 nan
-2.3750744895e-05 3.9060449813e-05 1.2910704374e+02 nan
-2.2931280998e-04 8.7094537109e-05 3.8321589304e+01 1.6706330655e+01
-2.6576308248e-05 1.2778562163e-04 5.2989919123e+00 1.5637034609e+01
-2.1684923366e-05 1.2823027946e-04 7.5008261015e+00 1.4875738711e+01
1.3582356350e-04 3.9831289044e-05 5.2678843532e+01 nan
1.1365320409e-04 3.9467214881e-05 6.1910283043e+01 nan
2.5170390727e-05 1.3480573376e-04 3.3848183085e+01 6.8916397161e+00
2.9553645731e-05 1.3589855585e-04 3.6654904394e+01 nan
2.3468208708e-05 6.5347331898e-05 5.8907043245e+01 nan
6.8818263995e-05 1.5439800635e-04 1.7644791400e+01 2.8293404995e+01
7.6006670359e-05 1.5567889906e-04 1.6834554873e+01 2.8176532899e+01
3.2236244520e-04 1.0632096061e-04 1.4213894083e+01 1.7557464100e+01
9.1518331725e-05 1.5787499581e-04 1.5280925266e+01 2.7759236361e+01
1.1408329153e-04 1.5866351437e-04 1.3282203660e+01 2.6953951752e+01
1.5109470895e-04 1.5856537265e-04 1.0466841289e+01 2.5060671869e+01
-1.8200077283e-04 1.0388915064e-04 3.1168699703e+01 1.8252350172e+01
2.6521926229e-04 1.3800969812e-04 1.3306488638e+01 2.5081161383e+01
2.3673367515e-04 1.5013307697e-04 1.4211533720e+01 2.8294783320e+01
-2.9954354211e-04 5.6608655473e-05 5.6823906894e+01 1.1140416403e+01
2.7328547347e-04 1.3608030147e-04 1.3231752967e+01 2.4314346527e+01
2.8173867595e-04 1.3232614645e-04 1.3183662029e+01 2.3125808373e+01
3.5766807455e-04 7.1339623806e-05 1.8567478392e+01 9.4514303000e+00
3.6334198783e-04 6.4315235146e-05 1.9918954901e+01 8.0733517795e+00
3.8881640427e-04 1.7298819710e-05 3.9274776681e+01 5.4378908278e-01
-2.0385637574e-04 9.5587509972e-05 3.5484820744e+01 1.7668457594e+01
-6.8622352257e-05 1.2147384127e-04 1.1665376401e+01 1.7933583166e+01
5.8047284740e-05 1.5161634536e-04 1.8476320964e+01 2.8234328022e+01
1.8346873023e-04 1.5500805728e-04 1.1388895138e+01 2.3789363573e+01
3.8482531481e-04 2.6386246419e-05 3.2608035736e+01 1.3218395312e+00
-2.6064839069e-04 7.4635022426e-05 4.3765660773e+01 1.5073436329e+01
3.5696131961e-04 6.7374419984e-05 1.9243220255e+01 nan
2.0836372968e-05 1.3379100174e-04 3.0150660358e+01 8.3717012115e+00
3.2877563193e-04 1.0057465785e-04 1.4697642084e+01 1.6447627856e+01
-3.8737907642e-04 8.2778761383e-06 2.2813206135e+02 2.5786413072e+00
6.1533943677e-05 1.5278523322e-04 1.8429429423e+01 2.8300683603e+01
-1.9929597053e-04 9.6868565285e-05 3.5051066542e+01 1.7779898073e+01
-3.3522037103e-04 4.3860510439e-05 6.6531584964e+01 1.4661473088e+01
-1.5265428616e-04 1.0863609167e-04 2.9152748809e+01 1.8687465276e+01
2.1999667318e-04 1.5154924339e-04 1.4117651828e+01 2.8779723996e+01
-2.2171285760e-04 9.0147715211e-05 3.7084767074e+01 1.7015778871e+01
-1.7836872416e-04 1.0259179693e-04 3.2602200826e+01 1.8330388111e+01
-2.3361489519e-04 8.5627420029e-05 3.8650902257e+01 1.6541965782e+01
-3.1605920971e-04 5.0368187597e-05 6.4199532242e+01 9.4539976262e+00
-2.6977106612e-04 7.0919121035e-05 4.5666328088e+01 1.4232876927e+01
2.9708328610e-04 1.2013452344e-04 1.3463331277e+01 nan
1.7669343518e-04 1.5510148942e-04 1.1284182983e+01 2.3843353334e+01
3.5999324717e-04 6.3911261514e-05 1.9937204690e+01 nan
-1.9491140823e-04 9.8134266332e-05 3.4558378181e+01 1.7885592888e+01
-2.5189453194e-04 7.8792332422e-05 4.0990685986e+01 1.5561925589e+01
2.4588297593e-04 1.4445467290e-04 1.3619141237e+01 nan
2.6850767224e-04 1.3512653369e-04 1.3257497879e+01 nan
-1.3191848998e-04 1.1262583985e-04 2.5966112554e+01 1.8844802824e+01
-5.1947026519e-05 1.2356072425e-04 6.2125853062e+00 1.7248732476e+01
1.7077535001e-04 1.5546889374e-04 1.1081828424e+01 2.3992944114e+01
-1.4844351187e-04 1.0978106135e-04 2.8348479691e+01 1.8728260562e+01
3.1184761551e-04 1.1494968705e-04 1.3643692458e+01 1.9601144577e+01
-1.0307464404e-04 1.1741410096e-04 2.0315598521e+01 1.8729229632e+01
1.6421472995e-04 1.5609808976e-04 1.0790513983e+01 2.4424992623e+01
-2.3780742029e-04 8.4342827718e-05 3.8729890065e+01 1.6369873181e+01
-3.7803729638e-04 1.4218187097e-05 1.6097539884e+02 4.8506528582e+00
-1.1479922964e-04 1.1610913987e-04 2.2460797888e+01 1.8822988136e+01
-3.3993704538e-04 4.1946154925e-05 7.4341937570e+01 1.3805600680e+01
1.5702260271e-04 1.5678081139e-04 1.0724033430e+01 2.4854165486e+01
3.7103028041e-06 1.2951968904e-04 1.6042336854e+01 1.2036674439e+01
-4.3660245301e-07 1.2870556569e-04 1.3958069553e+01 nan
-7.8998557949e-05 1.2107049610e-04 1.4101023049e+01 1.8298408251e+01
2.1625265273e-04 1.5320187971e-04 1.4404682461e+01 2.7832555396e+01
2.3489846820e-04 1.4791177795e-04 1.3899656483e+01 2.8294783320e+01
2.4216310281e-04 1.4635126217e-04 1.3777955764e+01 2.7415013588e+01
3.6563158692e-04 5.7299824479e-05 2.1414114303e+01 nan
-6.2114919550e-05 1.2285622612e-04 9.2141052805e+00 1.7785213400e+01
1.3483570638e-04 1.5786957433e-04 1.1841081029e+01 2.5816059757e+01
