x_m y_m von_mises_Pa wss_mag_dyn_cm2 is_surface
3.7815481556e-04 1.0008626380e-04 2.6517429072e+00 5.2412632643e+00 1.0000000000e+00
3.6160847015e-04 1.2305805768e-04 2.6129510841e+00 7.5659849177e+00 1.0000000000e+00
3.4523408231e-04 1.4104596655e-04 2.5946506506e+00 9.3550759260e+00 1.0000000000e+00
3.4233705559e-04 1.4389119017e-04 2.5932364850e+00 9.6341919775e+00 1.0000000000e+00
3.2722127100e-04 1.5747158576e-04 2.5958877795e+00 1.0956327604e+01 1.0000000000e+00
3.0786104222e-04 1.7237803758e-04 2.6224378711e+00 1.2635964745e+01 1.0000000000e+00
2.8738533825e-04 1.8582259545e-04 2.6838036249e+00 1.3956610494e+01 1.0000000000e+00
2.6597827873e-04 1.9786553435e-04 2.7896431227e+00 1.5198229376e+01 1.0000000000e+00
2.4001996303e-04 2.1021998277e-04 2.9810762686e+00 1.6567948190e+01 1.0000000000e+00
2.0927726695e-04 2.2219921095e-04 3.3059723053e+00 1.8032686385e+01 1.0000000000e+00
-1.0112501178e-04 2.2788398832e-04 1.2170414984e+01 2.0255018902e+01 1.0000000000e+00
-1.2553642269e-04 2.1515221006e-04 2.3946464973e+01 8.6451404029e+00 1.0000000000e+00
-1.6263439210e-04 2.0002164999e-04 1.1345296913e+00 1.3486631939e+01 1.0000000000e+00
-1.9161603674e-04 1.8837223608e-04 3.4611777478e+00 1.3067903773e+01 1.0000000000e+00
-2.0433669310e-04 1.8288278594e-04 3.7477372045e+00 1.2846763764e+01 1.0000000000e+00
-2.1694777668e-04 1.7715494343e-04 3.8616211919e+00 1.2495116251e+01 1.0000000000e+00
-2.3254210942e-04 1.6961221155e-04 3.9443881255e+00 1.2088347056e+01 1.0000000000e+00
-2.4179503943e-04 1.6486345019e-04 3.9978498134e+00 1.1751133161e+01 1.0000000000e+00
-2.6002533394e-04 1.5481477316e-04 4.1200004706e+00 1.1126881486e+01 1.0000000000e+00
-2.6601121714e-04 1.5129023411e-04 4.1757776906e+00 1.0854684348e+01 1.0000000000e+00
-2.7782304977e-04 1.4396246559e-04 4.2913963396e+00 1.0420698270e+01 1.0000000000e+00
-2.8073892575e-04 1.4207000339e-04 4.3397578745e+00 1.0266339282e+01 1.0000000000e+00
-2.8652807176e-04 1.3821181895e-04 4.4166480886e+00 9.9564539087e+00 1.0000000000e+00
-3.0070070544e-04 1.2810439334e-04 4.6077254835e+00 9.2623131392e+00 1.0000000000e+00
-3.0347804923e-04 1.2600516156e-04 4.6669395411e+00 9.0825759425e+00 1.0000000000e+00
-3.1971134109e-04 1.1280376106e-04 5.0271242433e+00 8.0722235786e+00 1.0000000000e+00
-3.3503258415e-04 9.8580157883e-05 5.7272055095e+00 6.6508211895e+00 1.0000000000e+00
-3.3752712571e-04 9.6108115408e-05 5.9111282979e+00 6.6508211895e+00 1.0000000000e+00
-3.5396305267e-04 7.8064640655e-05 7.7900571185e+00 4.7454112567e+00 1.0000000000e+00
-3.7460001344e-04 5.3303106438e-05 1.6807628967e+01 3.2343528798e+00 1.0000000000e+00
1.7494003600e-04 2.2928677840e-04 3.7033802258e+00 1.9523496745e+01 1.0000000000e+00
2.8024948129e-04 1.8630781852e-04 2.7108924171e+00 1.4168830672e+01 1.0000000000e+00
-2.7795811459e-04 6.1508329773e-05 1.3607728182e+01 nan 0.0000000000e+00
-3.2611075866e-05 1.0492333020e-04 7.7366530647e+00 nan 0.0000000000e+00
2.4523960516e-04 1.0389205376e-04 3.8853044112e+00 nan 0.0000000000e+00
2.5186961244e-06 1.0381158494e-04 5.9323257977e+00 nan 0.0000000000e+00
-1.7120789870e-04 1.4519133751e-04 6.2978660869e+00 nan 0.0000000000e+00
-2.0866329721e-04 1.4663407736e-04 3.4168390324e+00 nan 0.0000000000e+00
2.8119260632e-04 6.4659639396e-05 5.3914218836e+00 nan 0.0000000000e+00
-2.0700073515e-04 1.0387708297e-04 9.9486919101e+00 nan 0.0000000000e+00
-1.0248574824e-04 1.8855990619e-04 8.2753284829e+00 nan 0.0000000000e+00
2.1192112730e-04 1.8852960804e-04 2.7630629047e+00 nan 0.0000000000e+00
1.4073592956e-04 1.4624629757e-04 2.4154596115e+00 nan 0.0000000000e+00
3.5022916137e-04 2.1639188487e-05 8.5085054842e+00 nan 0.0000000000e+00
3.1513771786e-04 1.0286096440e-04 3.9612316809e+00 nan 0.0000000000e+00
1.0788816010e-04 1.4579574938e-04 2.4526361118e+00 nan 0.0000000000e+00
-1.3789130165e-04 2.2485146253e-05 9.0139086220e+00 nan 0.0000000000e+00
-1.7326767504e-04 2.1413524765e-05 1.3673744726e+01 nan 0.0000000000e+00
2.8152638058e-04 2.1898799641e-05 6.6179010840e+00 nan 0.0000000000e+00
1.4118017058e-04 2.1796358295e-05 5.5061253962e+00 nan 0.0000000000e+00
-1.0424513425e-04 2.0150557384e-05 5.1168307483e+00 nan 0.0000000000e+00
-3.1794529816e-05 2.1002872955e-05 2.0008251673e+00 nan 0.0000000000e+00
6.4891512941e-07 2.1198929905e-05 3.1850367894e+00 nan 0.0000000000e+00
-2.0829638209e-04 2.0429207923e-05 1.7726041194e+01 nan 0.0000000000e+00
2.4537101202e-04 2.1911456690e-05 6.1972379358e+00 nan 0.0000000000e+00
3.1562475567e-04 6.0751281634e-05 5.7658248179e+00 nan 0.0000000000e+00
-2.4330530599e-04 1.9967317208e-05 2.0260428357e+01 nan 0.0000000000e+00
-3.4713312147e-04 2.2539547362e-05 1.5635890154e+01 nan 0.0000000000e+00
-3.4650035413e-04 6.2404893143e-05 7.5089474266e+00 nan 0.0000000000e+00
3.5067565717e-04 1.0516933980e-04 3.3549355882e+00 nan 0.0000000000e+00
1.7769192534e-04 1.4646045894e-04 2.5673867982e+00 nan 0.0000000000e+00
3.1793953069e-04 1.4481427596e-04 2.8570438423e+00 nan 0.0000000000e+00
3.8215166822e-05 2.2998955295e-04 5.5789509084e+00 nan 0.0000000000e+00
7.0047504657e-05 2.2806416607e-04 4.9341653900e+00 nan 0.0000000000e+00
-3.2063560280e-05 2.2785319482e-04 6.6530234190e+00 nan 0.0000000000e+00
1.0815463611e-04 1.8772715572e-04 2.9789445978e+00 nan 0.0000000000e+00
1.0802572221e-04 2.2927452030e-04 4.4206837700e+00 nan 0.0000000000e+00
3.5254178618e-05 1.8855183136e-04 3.9414190546e+00 nan 0.0000000000e+00
1.9406817202e-06 1.8634430027e-04 4.6230333483e+00 nan 0.0000000000e+00
-3.3440814788e-05 1.8637743521e-04 5.7617449725e+00 nan 0.0000000000e+00
-1.3938157762e-04 1.0506793431e-04 1.2173011764e+01 nan 0.0000000000e+00
2.1049738353e-04 1.4644150065e-04 2.7580605909e+00 nan 0.0000000000e+00
7.0714523980e-05 1.8667373295e-04 3.3467364154e+00 nan 0.0000000000e+00
1.4139726188e-04 1.8827055392e-04 2.8050543599e+00 nan 0.0000000000e+00
-1.3920934443e-04 1.8788161567e-04 2.0944512110e-01 nan 0.0000000000e+00
-2.7861694073e-04 1.0473007167e-04 5.4244396393e+00 nan 0.0000000000e+00
3.8769759362e-04 2.0085830527e-05 9.2197220597e+00 nan 0.0000000000e+00
-6.6848531840e-05 1.4459720328e-04 9.0986612167e+00 nan 0.0000000000e+00
3.8473830923e-04 6.1449041042e-05 3.7801059444e+00 nan 0.0000000000e+00
-3.1191703151e-04 1.0470978719e-04 4.5356206923e+00 nan 0.0000000000e+00
-2.4314560265e-04 1.0349048044e-04 7.7882030428e+00 nan 0.0000000000e+00
7.1157975833e-05 6.4133965627e-05 3.6413116442e+00 nan 0.0000000000e+00
3.4641389704e-05 6.3517083673e-05 3.5403468588e+00 nan 0.0000000000e+00
1.8652085632e-06 6.2745080578e-05 4.2113099946e+00 nan 0.0000000000e+00
-3.1149931235e-05 6.1760036327e-05 5.6161000822e+00 nan 0.0000000000e+00
-2.4381882199e-04 1.4674049911e-04 2.7398323413e+00 nan 0.0000000000e+00
-2.0729657188e-04 6.1744690052e-05 1.4929002721e+01 nan 0.0000000000e+00
3.1778302327e-04 2.1837591113e-05 7.3190334901e+00 nan 0.0000000000e+00
1.7455844727e-04 1.8853510501e-04 2.7489150747e+00 nan 0.0000000000e+00
-1.7244441347e-04 1.0252098176e-04 1.2062016743e+01 nan 0.0000000000e+00
-1.7277486929e-04 1.8889222300e-04 2.3139909946e+00 1.3358418251e+01 1.0000000000e+00
1.4172253788e-04 2.2993142634e-04 4.0357990509e+00 nan 0.0000000000e+00
-3.8408743742e-04 1.9588580107e-05 2.2103517959e+01 nan 0.0000000000e+00
3.5110937442e-04 6.3362617281e-05 5.3912438499e+00 nan 0.0000000000e+00
2.1258851669e-04 1.0404316061e-04 3.6793851518e+00 nan 0.0000000000e+00
-1.3684823153e-04 1.4516444481e-04 9.3981213983e+00 nan 0.0000000000e+00
-1.0118355432e-04 6.1595733942e-05 9.9074843035e+00 nan 0.0000000000e+00
2.8063229831e-04 1.4569974817e-04 3.0007494759e+00 nan 0.0000000000e+00
2.4757649118e-04 1.4617765594e-04 2.9405117355e+00 nan 0.0000000000e+00
-6.6787177991e-05 2.2998049249e-04 7.9901407348e+00 nan 0.0000000000e+00
1.9662720776e-06 2.3099287720e-04 6.3149264466e+00 nan 0.0000000000e+00
-1.0181465585e-04 1.4646527498e-04 1.0224457910e+01 nan 0.0000000000e+00
7.0896071328e-05 1.4490427282e-04 2.8794793856e+00 nan 0.0000000000e+00
3.5854398840e-05 1.4699429331e-04 3.8852967909e+00 nan 0.0000000000e+00
2.7845327447e-06 1.4497617869e-04 5.7311778149e+00 nan 0.0000000000e+00
1.4346271746e-04 1.0389692995e-04 3.1845629994e+00 nan 0.0000000000e+00
1.0690116649e-04 1.0352677324e-04 3.0037906592e+00 nan 0.0000000000e+00
7.0270139783e-05 1.0285960097e-04 3.1151798961e+00 nan 0.0000000000e+00
-1.7354645132e-04 6.3276392979e-05 1.4530130789e+01 nan 0.0000000000e+00
-2.4241233455e-04 6.4059819032e-05 1.4209154691e+01 nan 0.0000000000e+00
-3.1305101686e-04 2.0522002378e-05 2.1135585127e+01 nan 0.0000000000e+00
2.8213757937e-04 1.0350528119e-04 4.0252587334e+00 nan 0.0000000000e+00
-6.6828752888e-05 1.0542249666e-04 9.2447427015e+00 nan 0.0000000000e+00
2.4515217849e-04 1.8827541027e-04 2.7743929534e+00 nan 0.0000000000e+00
1.7596527772e-04 1.0404434675e-04 3.4146846645e+00 nan 0.0000000000e+00
2.1328260522e-04 2.1896521270e-05 5.9392168059e+00 nan 0.0000000000e+00
1.7722115441e-04 2.1857077593e-05 5.7149358221e+00 nan 0.0000000000e+00
2.4640289487e-04 6.1274708384e-05 5.2283261864e+00 nan 0.0000000000e+00
2.1002922519e-04 6.1326698892e-05 4.9422902062e+00 nan 0.0000000000e+00
1.7777629368e-04 6.1295480981e-05 4.6965693967e+00 nan 0.0000000000e+00
1.0514352458e-04 2.1704287994e-05 5.2430467594e+00 nan 0.0000000000e+00
1.4154099836e-04 6.1179566061e-05 4.4035668631e+00 nan 0.0000000000e+00
1.0530567034e-04 6.0952655861e-05 4.0637706768e+00 nan 0.0000000000e+00
7.3088315192e-05 2.1592227510e-05 4.8808807312e+00 nan 0.0000000000e+00
3.6949101690e-05 2.1420973567e-05 4.2077306812e+00 nan 0.0000000000e+00
3.5557018543e-05 1.0531326817e-04 3.9396123127e+00 nan 0.0000000000e+00
-6.8222750910e-05 2.0757905218e-05 2.7317005553e+00 nan 0.0000000000e+00
-6.6614414658e-05 1.8865584443e-04 7.5339351784e+00 nan 0.0000000000e+00
-3.2470623654e-05 1.4520029785e-04 7.9925386159e+00 nan 0.0000000000e+00
-2.7839629154e-04 1.9989556546e-05 2.2107568749e+01 nan 0.0000000000e+00
-3.1379353068e-04 6.3787420777e-05 1.0350705317e+01 nan 0.0000000000e+00
-1.0371889152e-04 1.0523409249e-04 1.0731735101e+01 nan 0.0000000000e+00
-1.3767603270e-04 6.2447144093e-05 1.2670293417e+01 nan 0.0000000000e+00
-6.9545621471e-05 6.3361212769e-05 7.8429013175e+00 nan 0.0000000000e+00
