x_m y_m sigma_xx_Pa sigma_xy_Pa sigma_yy_Pa von_mises_Pa sigma_max_principal_Pa sigma_min_principal_Pa sigma_tension_Pa sigma_comp_mag_Pa is_surface wss_mag_dyn_cm2 wss_x_dyn_cm2 wss_y_dyn_cm2 pressure_Pa normal_x normal_y
3.8622802353e-04 3.0686413327e-05 -7.0007509229e+00 -1.1121520977e+01 2.0318466054e+01 3.0474981728e+01 2.4253596470e+01 -1.0935881339e+01 2.4253596470e+01 1.0935580648e+01 1.0000000000e+00 1.7397763996e+00 7.2572446342e-01 -1.5811849745e+00 1.3744314387e+01 9.0884378873e-01 4.1713662951e-01
3.7478278694e-04 5.2476960123e-05 -7.0172580013e+00 -9.9821307091e+00 1.0491683462e+01 2.2987566949e+01 1.5009090696e+01 -1.1534665236e+01 1.5009090696e+01 1.1534665198e+01 1.0000000000e+00 5.2670236721e+00 2.7100016362e+00 -4.5163513475e+00 1.3589817634e+01 8.5747694119e-01 5.1452239537e-01
3.7226263553e-04 5.6558798730e-05 -6.9376158938e+00 -9.8414764043e+00 9.1095024194e+00 2.1985180571e+01 1.3779093184e+01 -1.1607206658e+01 1.3779093184e+01 1.1607206658e+01 1.0000000000e+00 5.9319142022e+00 3.1504065967e+00 -5.0261858678e+00 1.3580235336e+01 8.4731263745e-01 5.3109443079e-01
3.6699401965e-04 6.4462255096e-05 -6.7343601345e+00 -9.5849419048e+00 6.6805676889e+00 2.0256891843e+01 1.1668425735e+01 -1.1722218181e+01 1.1668425735e+01 1.1722218181e+01 1.0000000000e+00 7.9784892330e+00 4.6264231916e+00 -6.5001922197e+00 1.3579276332e+01 8.1471466965e-01 5.7986205865e-01
3.6143058014e-04 7.2027422277e-05 -6.4891441707e+00 -9.3507917266e+00 4.6116110858e+00 1.8829231389e+01 9.9322952685e+00 -1.1809828353e+01 9.9322952685e+00 1.1809828353e+01 1.0000000000e+00 9.3490057904e+00 5.7138773758e+00 -7.3996969265e+00 1.3602514680e+01 7.9149559775e-01 6.1117486756e-01
3.5558617976e-04 7.9263211489e-05 -6.2127032259e+00 -9.1322569247e+00 2.8245073872e+00 1.7643582391e+01 8.4924291236e+00 -1.1880624962e+01 8.4924291236e+00 1.1880624962e+01 1.0000000000e+00 1.0705158182e+01 6.8652480798e+00 -8.2139381853e+00 1.3641297149e+01 7.6728788547e-01 6.4130281523e-01
3.5256322659e-04 8.2760104425e-05 -6.0648439944e+00 -9.0281628907e+00 2.0205833642e+00 1.7129377630e+01 7.8675204708e+00 -1.1911781101e+01 7.8675204708e+00 1.1911781101e+01 1.0000000000e+00 1.1372297198e+01 7.4587035358e+00 -8.5846889939e+00 1.3666459440e+01 7.5487729915e-01 6.5586604061e-01
3.4947564176e-04 8.6177599392e-05 -5.9114293328e+00 -8.9268686632e+00 1.2664015658e+00 1.6661029135e+01 7.2967357723e+00 -1.1941763539e+01 7.2967357723e+00 1.1941763539e+01 1.0000000000e+00 1.2678417560e+01 8.6712612455e+00 -9.2494053998e+00 1.3729226212e+01 7.2953942049e-01 6.8393876477e-01
3.4632531988e-04 8.9516560855e-05 -5.7529663059e+00 -8.8295831201e+00 5.6017822843e-01 1.6236813616e+01 6.7779346734e+00 -1.1970722751e+01 6.7779346734e+00 1.1970722751e+01 1.0000000000e+00 1.3313827841e+01 9.2855318564e+00 -9.5413264239e+00 1.3764042521e+01 7.1664787450e-01 6.9743517546e-01
3.4311410893e-04 9.2777921385e-05 -5.5910106867e+00 -8.7322720595e+00 -1.0393603419e-01 1.5850229472e+01 6.3036608918e+00 -1.1998607613e+01 6.3036608918e+00 1.1998607613e+01 1.0000000000e+00 1.3935468532e+01 9.9020032399e+00 -9.8054890268e+00 1.3803109729e+01 7.0363540372e-01 7.1056119978e-01
3.3984399075e-04 9.5962437257e-05 -5.4240507522e+00 -8.6381693675e+00 -7.3160346666e-01 1.5500661155e+01 5.8714837809e+00 -1.2027138000e+01 5.8714837809e+00 1.2027138000e+01 1.0000000000e+00 1.4545052089e+01 1.0520568143e+01 -1.0043713766e+01 1.3847027795e+01 6.9052442745e-01 7.2330907300e-01
3.3651674809e-04 9.9071024249e-05 -5.2528928970e+00 -8.5466326379e+00 -1.3211524769e+00 1.5186400877e+01 5.4808499475e+00 -1.2054895321e+01 5.4808499475e+00 1.2054895321e+01 1.0000000000e+00 1.5137829128e+01 1.1136652147e+01 -1.0253236058e+01 1.3890299110e+01 6.7732539267e-01 7.3568356815e-01
3.3313417042e-04 1.0210446764e-04 -5.0788737315e+00 -8.4556013077e+00 -1.8796255124e+00 1.4902433849e+01 5.1246745722e+00 -1.2083173816e+01 5.1246745722e+00 1.2083173816e+01 1.0000000000e+00 1.5717912510e+01 1.1752151147e+01 -1.0437419081e+01 1.3938046787e+01 6.6404613682e-01 7.4769159964e-01
3.2969809492e-04 1.0506351093e-04 -4.9014439751e+00 -8.3662439689e+00 -2.4091940549e+00 1.4648376902e+01 4.8019253326e+00 -1.2112563363e+01 4.8019253326e+00 1.2112563363e+01 1.0000000000e+00 1.6284149126e+01 1.2364970117e+01 -1.0596274193e+01 1.3989845699e+01 6.5071095275e-01 7.5932552701e-01
3.2267228807e-04 1.1076162007e-04 -4.5338591764e+00 -8.1925224648e+00 -3.3858842190e+00 1.4222725213e+01 4.2516225325e+00 -1.2171365928e+01 4.2516225325e+00 1.2171365928e+01 1.0000000000e+00 1.7881659382e+01 1.4162593390e+01 -1.0916716115e+01 1.4152935720e+01 6.1049793432e-01 7.9201784840e-01
3.1177408398e-04 1.1876959911e-04 -3.9618471927e+00 -7.9386451008e+00 -4.6812257744e+00 1.3762964784e+01 3.6245149392e+00 -1.2267587906e+01 3.6245149392e+00 1.2267587906e+01 1.0000000000e+00 1.9352242987e+01 1.5898232556e+01 -1.1034287935e+01 1.4333900434e+01 5.7018134499e-01 8.2151885786e-01
3.0428712760e-04 1.2375690130e-04 -3.5632396641e+00 -7.7748190959e+00 -5.4472230237e+00 1.3563685148e+01 3.3257659274e+00 -1.2336228615e+01 3.3257659274e+00 1.2336228615e+01 1.0000000000e+00 2.0260973253e+01 1.7009197732e+01 -1.1008825082e+01 1.4461385336e+01 5.4335124696e-01 8.3950546301e-01
3.0048152626e-04 1.2614705782e-04 -3.3585451064e+00 -7.6935287928e+00 -5.8063217777e+00 1.3492006588e+01 3.2071801935e+00 -1.2372047078e+01 3.2071801935e+00 1.2372047078e+01 1.0000000000e+00 2.0697034191e+01 1.7551494911e+01 -1.0968694119e+01 1.4529784849e+01 5.2996453588e-01 8.4801980561e-01
2.9275283878e-04 1.3072348435e-04 -2.9355429978e+00 -7.5322818254e+00 -6.4780882059e+00 1.3401042581e+01 3.0302799400e+00 -1.2443911144e+01 3.0302799400e+00 1.2443911144e+01 1.0000000000e+00 2.1924123324e+01 1.9111702486e+01 -1.0742905176e+01 1.4737036343e+01 4.9000386548e-01 8.7172026007e-01
2.7685934169e-04 1.3907514384e-04 -2.0363650427e+00 -7.2136728081e+00 -7.6711035164e+00 1.3412611706e+01 2.8900406992e+00 -1.2597509258e+01 2.8900406987e+00 1.2597509258e+01 1.0000000000e+00 2.3410606552e+01 2.1055261488e+01 -1.0233887962e+01 1.5029502323e+01 4.3714749290e-01 8.9938983175e-01
2.6459159272e-04 1.4465134775e-04 -1.2980154441e+00 -6.9745267682e+00 -8.4545269659e+00 1.3576450242e+01 2.9620959968e+00 -1.2714638407e+01 2.9620960032e+00 1.2714638407e+01 1.0000000000e+00 2.4769643054e+01 2.2863825112e+01 -9.5278915959e+00 1.5336748347e+01 3.8466002821e-01 9.2305832031e-01
2.5205315653e-04 1.4964640106e-04 -4.8290207320e-01 -6.7334870620e+00 -9.1609370401e+00 1.3873530321e+01 3.1879669089e+00 -1.2831806022e+01 3.1879668311e+00 1.2831806022e+01 1.0000000000e+00 2.5727372061e+01 2.4145119588e+01 -8.8831792305e+00 1.5577546901e+01 3.4528125179e-01 9.3849925794e-01
2.3494697728e-04 1.5540346944e-04 7.6922155086e-01 -6.4008879367e+00 -1.0005175520e+01 1.4488920801e+01 3.7472053401e+00 -1.2983159309e+01 3.7472053949e+00 1.2983159309e+01 1.0000000000e+00 2.6957379597e+01 2.5781695957e+01 -7.8742916084e+00 1.5916138321e+01 2.9210152196e-01 9.5638731739e-01
7.8134641280e-05 1.5603367398e-04 7.1510201327e+00 -5.6617519827e-01 -1.8330704782e+01 2.2051228553e+01 7.1414404165e+00 -1.8321125066e+01 7.1042602024e+00 1.8321456516e+01 1.0000000000e+00 2.8000241818e+01 2.7326727275e+01 6.1043851679e+00 1.9668974607e+01 -2.1801187317e-01 9.7594611693e-01
6.3202198567e-05 1.5084174636e-04 1.1430214452e+01 3.3002459014e+00 -1.8829920070e+01 2.6314862046e+01 1.1493039877e+01 -1.8892745495e+01 1.2279921007e+01 1.8666501624e+01 1.0000000000e+00 2.7157741201e+01 2.5383079726e+01 9.6561985684e+00 2.0437198586e+01 -3.5555970936e-01 9.3465356848e-01
5.6458901834e-05 1.4672006074e-04 4.0290469662e+00 9.2336110230e+00 -2.7377207860e+01 2.5482107734e+01 3.0380213128e+00 -2.6386182206e+01 1.6896115076e+00 2.0734365495e+01 1.0000000000e+00 2.4268394262e+01 2.1222533964e+01 1.1771109216e+01 2.1073775210e+01 -4.8503865106e-01 8.7449271408e-01
2.8616925866e-05 1.3496159347e-04 -6.3833640879e+01 -9.7156616883e+00 -3.4688578958e+01 3.0250919638e+01 -3.1795733322e+01 -6.6726486515e+01 -4.7612172123e-08 6.6726486511e+01 1.0000000000e+00 1.0651584674e+01 1.0488357873e+01 1.8575804708e+00 2.0103631270e+01 -1.7439475230e-01 9.8467581994e-01
1.0007388016e-05 1.3263574621e-04 -4.7008059798e+01 -5.3578196613e+00 -3.4066717606e+01 1.4541781709e+01 -3.2141687118e+01 -4.8933090286e+01 -7.5819776645e-09 4.8933090286e+01 1.0000000000e+00 1.3675520360e+01 1.3589266056e+01 1.5335270324e+00 2.0012975001e+01 -1.1213664944e-01 9.9369279551e-01
-6.7749325329e-06 1.3112041047e-04 -4.4482145674e+01 -3.1170031444e+00 -3.3063301906e+01 1.1211056120e+01 -3.2300017521e+01 -4.5245430059e+01 2.1456881560e-08 4.5245430059e+01 1.0000000000e+00 1.5195326562e+01 1.5140391251e+01 1.2909307022e+00 2.0044856017e+01 -8.4955772223e-02 9.9638472327e-01
-9.1997971381e-06 1.3092781219e-04 -4.3269705754e+01 -2.6417038166e+00 -3.2867036363e+01 1.0066390650e+01 -3.2256537707e+01 -4.3880204411e+01 1.5596014311e-08 4.3880204411e+01 1.0000000000e+00 1.5195326562e+01 1.5140391251e+01 1.2909307022e+00 2.0044856017e+01 -8.4955772223e-02 9.9638472327e-01
-2.3924828750e-05 1.2978201566e-04 -3.6277161583e+01 -3.9109332591e-01 -3.2094688883e+01 3.5460407177e+00 -3.2138617670e+01 -3.6233232796e+01 -1.1432845254e-08 3.6233232796e+01 1.0000000000e+00 1.6497819998e+01 1.6443757731e+01 1.3345022871e+00 2.0160716725e+01 -8.0889613738e-02 9.9672306605e-01
-2.6406640556e-05 1.2958762972e-04 -3.5192814770e+01 -6.6215221048e-02 -3.1998315811e+01 2.5387523549e+00 -3.2129815935e+01 -3.5061314646e+01 -2.4043809597e-08 3.5061314646e+01 1.0000000000e+00 1.6760813018e+01 1.6705124174e+01 1.3651664179e+00 2.0196385854e+01 -8.1449892461e-02 9.9667743780e-01
-4.1449408261e-05 1.2836066097e-04 -2.9083931569e+01 1.6759283148e+00 -3.1555354457e+01 3.5132927943e+00 -2.8291242473e+01 -3.2348043554e+01 -5.0460587615e-08 3.2348043554e+01 1.0000000000e+00 1.7433275949e+01 1.7369048008e+01 1.4950858188e+00 2.0314554844e+01 -8.5760463104e-02 9.9631578476e-01
-4.3980306956e-05 1.2814279348e-04 -2.8148802041e+01 1.9415419193e+00 -3.1493433313e+01 4.3601007226e+00 -2.7303812351e+01 -3.2338423003e+01 -3.8475615500e-08 3.2338423003e+01 1.0000000000e+00 1.7622039157e+01 1.7553844294e+01 1.5488106921e+00 2.0356693091e+01 -8.7890548779e-02 9.9613013780e-01
-5.9292277277e-05 1.2672876967e-04 -2.3023193264e+01 3.4492690875e+00 -3.1156956515e+01 9.2110523045e+00 -2.1772071362e+01 -3.2408078417e+01 3.4505570793e-07 3.2408078417e+01 1.0000000000e+00 1.8231577281e+01 1.8141996541e+01 1.8050960271e+00 2.0536586346e+01 -9.9009317697e-02 9.9508650629e-01
-7.4793410024e-05 1.2509516430e-04 -1.8735572195e+01 4.8861621877e+00 -3.0833852378e+01 1.3456386610e+01 -1.7015663855e+01 -3.2553760718e+01 1.2554146373e-06 3.2553760718e+01 1.0000000000e+00 1.8642398651e+01 1.8522438753e+01 2.1114663352e+00 2.0726926750e+01 -1.1326151611e-01 9.9356521123e-01
-7.7392647916e-05 1.2479849910e-04 -1.8098316198e+01 5.1234938877e+00 -3.0778099274e+01 1.4110143876e+01 -1.6291712371e+01 -3.2584703101e+01 3.2487050062e-06 3.2584703101e+01 1.0000000000e+00 1.8719624927e+01 1.8590612696e+01 2.1939637574e+00 2.0775921213e+01 -1.1720126691e-01 9.9310818295e-01
-9.0445854078e-05 1.2320052946e-04 -1.5243726701e+01 6.3062350393e+00 -3.0482800230e+01 1.7123978655e+01 -1.2976729779e+01 -3.2749797152e+01 -7.2889006560e-06 3.2749797152e+01 1.0000000000e+00 1.8894971059e+01 1.8735235186e+01 2.4517124267e+00 2.0923898618e+01 -1.2975475957e-01 9.9154611712e-01
-9.5690579767e-05 1.2250507625e-04 -1.4249006607e+01 6.7802402735e+00 -3.0354390687e+01 1.8225273819e+01 -1.1779331901e+01 -3.2824065393e+01 -1.4962472186e-05 3.2824065393e+01 1.0000000000e+00 1.8936481333e+01 1.8765286111e+01 2.5405437290e+00 2.0973701395e+01 -1.3416134098e-01 9.9095950199e-01
-1.0884938373e-04 1.2061650472e-04 -1.2108737351e+01 7.9733267700e+00 -3.0000724856e+01 2.0750706561e+01 -9.0743050846e+00 -3.3035157122e+01 3.8020341476e-04 3.3035157122e+01 1.0000000000e+00 1.9015862329e+01 1.8806575783e+01 2.8134902582e+00 2.1123775678e+01 -1.4795491308e-01 9.8899410701e-01
-1.1148790695e-04 1.2021212191e-04 -1.1737740600e+01 8.2124928467e+00 -2.9923613300e+01 2.1218334521e+01 -8.5802658023e+00 -3.3081088097e+01 3.5838639733e-04 3.3081088097e+01 1.0000000000e+00 1.9027956825e+01 1.8804717684e+01 2.9061544561e+00 2.1173890015e+01 -1.5273076783e-01 9.8826783442e-01
-1.2470556479e-04 1.1805082577e-04 -1.0165820397e+01 9.4179294734e+00 -2.9497937056e+01 2.3371482230e+01 -6.3383471699e+00 -3.3325410284e+01 -1.8139663979e-03 3.3325410284e+01 1.0000000000e+00 1.9026003178e+01 1.8757071145e+01 3.1876447436e+00 2.1324443602e+01 -1.6754148066e-01 9.8586502740e-01
-1.2735301619e-04 1.1758996864e-04 -9.9055964162e+00 9.6600690369e+00 -2.9405093619e+01 2.3769035119e+01 -5.9322861934e+00 -3.3378403842e+01 -9.2346919980e-04 3.3378403842e+01 1.0000000000e+00 1.9013196722e+01 1.8727755029e+01 3.2822006587e+00 2.1374450390e+01 -1.7262750219e-01 9.8498718037e-01
-1.4060138592e-04 1.1513745443e-04 -8.8625008366e+00 1.0874056697e+01 -2.8890571291e+01 2.5601367056e+01 -4.0955799027e+00 -3.3657492225e+01 -2.4305493455e-03 3.3657492225e+01 1.0000000000e+00 1.8940666584e+01 1.8601759581e+01 3.5669862798e+00 2.1524455627e+01 -1.8832422101e-01 9.8210691260e-01
-1.4325222249e-04 1.1461667537e-04 -8.7040537310e+00 1.1117548988e+01 -2.8777448681e+01 2.5939508609e+01 -3.7645689279e+00 -3.3716933484e+01 -1.4339427341e-02 3.3716933484e+01 1.0000000000e+00 1.8905754094e+01 1.8547713184e+01 3.6619494150e+00 2.1574219623e+01 -1.9369496699e-01 9.8106180221e-01
-1.5650403019e-04 1.1185657718e-04 -8.1518245187e+00 1.2331949497e+01 -2.8155289077e+01 2.7499454031e+01 -2.2767396106e+00 -3.4030373985e+01 3.4139561703e-02 3.4030373985e+01 1.0000000000e+00 1.8715716062e+01 1.8274542917e+01 4.0396916813e+00 2.1772026331e+01 -2.1584489036e-01 9.7642766414e-01
-1.6180085651e-04 1.1067811909e-04 -8.0406406073e+00 1.2817100506e+01 -2.7876565698e+01 2.8067559026e+01 -1.7537903935e+00 -3.4163415912e+01 2.4380378145e-02 3.4163415912e+01 1.0000000000e+00 1.8654957543e+01 1.8191368592e+01 4.1329831458e+00 2.1821972161e+01 -2.2154878328e-01 9.7514928941e-01
-1.7238137434e-04 1.0819014250e-04 -7.9969036400e+00 1.3779447031e+01 -2.7265639027e+01 2.9119003337e+01 -8.1940691831e-01 -3.4443135749e+01 -2.9561318949e-01 3.4443135749e+01 1.0000000000e+00 1.8445607827e+01 1.7910855089e+01 4.4092763677e+00 2.1968227843e+01 -2.3904207490e-01 9.7100921027e-01
-1.7766269841e-04 1.0687939305e-04 -8.0645019213e+00 1.4256875842e+01 -2.6930267310e+01 2.9605472519e+01 -4.0465708733e-01 -3.4590112144e+01 -2.7094921642e-01 3.4590112144e+01 1.0000000000e+00 1.8365856621e+01 1.7806121144e+01 4.4996376753e+00 2.2016791430e+01 -2.4500015263e-01 9.6952304006e-01
-1.8293653692e-04 1.0552334408e-04 -8.1841572664e+00 1.4728971692e+01 -2.6574471026e+01 3.0071705890e+01 -1.7406655178e-02 -3.4741221637e+01 -2.0795241705e-02 3.4741221637e+01 1.0000000000e+00 1.8281182925e+01 1.7695832271e+01 4.5890270598e+00 2.2065061837e+01 -2.5102462344e-01 9.6798070147e-01
-1.8557027707e-04 1.0482813551e-04 -8.2633331877e+00 1.4964981021e+01 -2.6388411096e+01 3.0299364280e+01 1.6747398132e-01 -3.4819218265e+01 1.6785676655e-01 3.4819218265e+01 1.0000000000e+00 1.8191301435e+01 1.7579704926e+01 4.6773307165e+00 2.2113157374e+01 -2.5711908151e-01 9.6637972760e-01
-1.9345717893e-04 1.0267297528e-04 -8.5774738664e+00 1.5656107853e+01 -2.5799235870e+01 3.0945067519e+01 6.7778819411e-01 -3.5054497931e+01 6.7779022273e-01 3.5054497931e+01 1.0000000000e+00 1.7995979148e+01 1.7330236998e+01 4.8495516382e+00 2.2209053417e+01 -2.6947973202e-01 9.6300606126e-01
-1.9870160893e-04 1.0117763415e-04 -8.8622549163e+00 1.6105151171e+01 -2.5375337117e+01 3.1342332966e+01 9.7670835846e-01 -3.5214300392e+01 9.7670836359e-01 3.5214300392e+01 1.0000000000e+00 1.7890386542e+01 1.7196741642e+01 4.9333566176e+00 2.2256650964e+01 -2.7575461302e-01 9.6122806524e-01
-2.0131932481e-04 1.0041220004e-04 -9.0207463196e+00 1.6324347886e+01 -2.5155485833e+01 3.1535892657e+01 1.1191400383e+00 -3.5295372191e+01 1.1191400464e+00 3.5295372191e+01 1.0000000000e+00 1.7779243727e+01 1.7057199698e+01 5.0153211236e+00 2.2303975889e+01 -2.8208855227e-01 9.5938837218e-01
-2.0654494810e-04 9.8845570808e-05 -9.3807461009e+00 1.6755836798e+01 -2.4693783488e+01 3.1905200273e+01 1.3832111724e+00 -3.5457740761e+01 1.3832111726e+00 3.5457740761e+01 1.0000000000e+00 1.7662300128e+01 1.6911417304e+01 5.0951752252e+00 2.2350918085e+01 -2.8847744564e-01 9.5748669095e-01
-2.1435656190e-04 9.6405395737e-05 -1.0020663885e+01 1.7372415705e+01 -2.3951201970e+01 3.2415642620e+01 1.7292470653e+00 -3.5701112920e+01 1.7292470653e+00 3.5701112920e+01 1.0000000000e+00 1.7275526754e+01 1.6435811890e+01 5.3205180338e+00 2.2490710345e+01 -3.0798007549e-01 9.5139280694e-01
-2.1695261423e-04 9.5567801235e-05 -1.0260563103e+01 1.7570502946e+01 -2.3686427024e+01 3.2574109178e+01 1.8331756394e+00 -3.5780165766e+01 1.8331756394e+00 3.5780165766e+01 1.0000000000e+00 1.7275526754e+01 1.6435811890e+01 5.3205180338e+00 2.2490710345e+01 -3.0798007549e-01 9.5139280694e-01
-2.2213202574e-04 9.3856092696e-05 -1.0781673532e+01 1.7943299037e+01 -2.3138347316e+01 3.2865344674e+01 2.0148051700e+00 -3.5934826019e+01 2.0148051700e+00 3.5934826019e+01 1.0000000000e+00 1.6985027050e+01 1.6084869803e+01 5.4560156999e+00 2.2582420401e+01 -3.2122502272e-01 9.4700289587e-01
-2.2986641216e-04 9.1197194584e-05 -1.1684274090e+01 1.8437407984e+01 -2.2252190249e+01 3.3214836077e+01 2.2083623809e+00 -3.6144826719e+01 2.2083623809e+00 3.6144826719e+01 1.0000000000e+00 1.6667612596e+01 1.5706796617e+01 5.5772618427e+00 2.2672701549e+01 -3.3461671914e-01 9.4235431302e-01
-2.3755322165e-04 8.8429205682e-05 -1.2820874699e+01 1.8773674315e+01 -2.1271679841e+01 3.3322213427e+01 2.1923116223e+00 -3.6284866162e+01 2.1923116223e+00 3.6284866162e+01 1.0000000000e+00 1.6324996270e+01 1.5303177307e+01 5.6849157883e+00 2.2761451630e+01 -3.4823381851e-01 9.3740770620e-01
-2.4264436373e-04 8.6523913089e-05 -1.4064091615e+01 1.8866321980e+01 -2.0505638671e+01 3.3139634233e+01 1.8483116023e+00 -3.6418041888e+01 1.8483116023e+00 3.6418041888e+01 1.0000000000e+00 1.6140275772e+01 1.5086878755e+01 5.7353806690e+00 2.2806603886e+01 -3.5534589062e-01 9.3473488114e-01
-2.4517669101e-04 8.5553176637e-05 -1.4995025451e+01 1.8962154201e+01 -2.0074911815e+01 3.3129594851e+01 1.5924118725e+00 -3.6662349138e+01 1.5924118725e+00 3.6662349138e+01 1.0000000000e+00 1.5935599843e+01 1.4850091298e+01 5.7808417020e+00 2.2851897537e+01 -3.6276272992e-01 9.3188153849e-01
-2.5021393790e-04 8.3575625245e-05 -1.6528227153e+01 1.9764757297e+01 -1.8974101051e+01 3.4280469962e+01 2.0406744587e+00 -3.7543002663e+01 2.0406744587e+00 3.7543002663e+01 1.0000000000e+00 1.5709840451e+01 1.4595435281e+01 5.8113987971e+00 2.2894939237e+01 -3.6992093045e-01 9.2906324070e-01
-2.5272426160e-04 8.2568314713e-05 -1.6763281980e+01 2.0312499033e+01 -1.8341619167e+01 3.5187800713e+01 2.7632356398e+00 -3.7868136788e+01 2.7632356398e+00 3.7868136788e+01 1.0000000000e+00 1.5471024110e+01 1.4331253810e+01 5.8281859308e+00 2.2937284574e+01 -3.7671623347e-01 9.2632871025e-01
-2.5773711081e-04 8.0514348974e-05 -1.6765271349e+01 2.1179580716e+01 -1.7236229148e+01 3.6671013698e+01 4.1712693813e+00 -3.8172769878e+01 4.1712693813e+00 3.8172769878e+01 1.0000000000e+00 1.5222529360e+01 1.4059664135e+01 5.8353444232e+00 2.2977959001e+01 -3.8333605967e-01 9.2360893530e-01
-2.6523069352e-04 7.7340039321e-05 -1.7256082220e+01 2.1906390188e+01 -1.5763568586e+01 3.7946531673e+01 5.3986148728e+00 -3.8418265680e+01 5.3986148728e+00 3.8418265680e+01 1.0000000000e+00 1.4685980244e+01 1.3484770117e+01 5.8171290697e+00 2.3056171287e+01 -3.9610083720e-01 9.1820701738e-01
-2.6771948082e-04 7.6258898339e-05 -1.7492315289e+01 2.2122351899e+01 -1.5243183931e+01 3.8347238479e+01 5.7720388485e+00 -3.8507538069e+01 5.7720388485e+00 3.8507538069e+01 1.0000000000e+00 1.4395765339e+01 1.3180488500e+01 5.7890225940e+00 2.3092781025e+01 -4.0213371486e-01 9.1558094965e-01
-2.7020347501e-04 7.5167005009e-05 -1.7746176315e+01 2.2335484537e+01 -1.4705941597e+01 3.8749738054e+01 6.1461127407e+00 -3.8598230653e+01 6.1461127407e+00 3.8598230653e+01 1.0000000000e+00 1.4395765339e+01 1.3180488500e+01 5.7890225940e+00 2.3092781025e+01 -4.0213371486e-01 9.1558094965e-01
-2.7268269570e-04 7.4064923876e-05 -1.7999540253e+01 2.2549353278e+01 -1.4148370180e+01 3.9166960685e+01 6.5391000784e+00 -3.8687010512e+01 6.5391000784e+00 3.8687010512e+01 1.0000000000e+00 1.4087498018e+01 1.2862851562e+01 5.7449673718e+00 2.3128101128e+01 -4.0780608198e-01 9.1306856232e-01
-2.7762734847e-04 7.1832787757e-05 -1.8479561254e+01 2.2994027876e+01 -1.2975070977e+01 4.0080286831e+01 7.4130482756e+00 -3.8867680506e+01 7.4130482756e+00 3.8867680506e+01 1.0000000000e+00 1.3411041473e+01 1.2185601145e+01 5.6006390803e+00 2.3191788330e+01 -4.1761403033e-01 9.0862452183e-01
-2.8009341462e-04 7.0704254560e-05 -1.8687264131e+01 2.3222969324e+01 -1.2365119181e+01 4.0575645429e+01 7.9001681549e+00 -3.8952551467e+01 7.9001681549e+00 3.8952551467e+01 1.0000000000e+00 1.3411041473e+01 1.2185601145e+01 5.6006390803e+00 2.3191788330e+01 -4.1761403033e-01 9.0862452183e-01
-2.8255574956e-04 6.9568814616e-05 -1.8868967082e+01 2.3479734553e+01 -1.1719923603e+01 4.1102547689e+01 8.4361216302e+00 -3.9025012315e+01 8.4361216302e+00 3.9025012315e+01 1.0000000000e+00 1.3040192398e+01 1.1825995236e+01 5.4947660959e+00 2.3219378464e+01 -4.2137155100e-01 9.0688809453e-01
-2.8501500177e-04 6.8427655475e-05 -1.9015676680e+01 2.3754679439e+01 -1.1053899172e+01 4.1673957546e+01 9.0256826814e+00 -3.9095258533e+01 9.0256826814e+00 3.9095258533e+01 1.0000000000e+00 1.2646428910e+01 1.1453043931e+01 5.3628303060e+00 2.3243047400e+01 -4.2405886627e-01 9.0563462718e-01
-2.9238288089e-04 6.4985902794e-05 -1.9021326927e+01 2.4793279132e+01 -8.9058284470e+00 4.3744711926e+01 1.1292443519e+01 -3.9219598893e+01 1.1292443519e+01 3.9219598893e+01 1.0000000000e+00 1.1782032017e+01 1.0667349007e+01 5.0023937870e+00 2.3275174800e+01 -4.2457818650e-01 9.0539127649e-01
-2.9483978710e-04 6.3839758269e-05 -1.8792324854e+01 2.5248138338e+01 -8.1366601764e+00 4.4589569402e+01 1.2279307382e+01 -3.9208292413e+01 1.2279307382e+01 3.9208292413e+01 1.0000000000e+00 1.1782032017e+01 1.0667349007e+01 5.0023937870e+00 2.3275174800e+01 -4.2457818650e-01 9.0539127649e-01
-2.9730005280e-04 6.2698960389e-05 -1.8378159556e+01 2.5768180715e+01 -7.3550630453e+00 4.5548581792e+01 1.3430874658e+01 -3.9164097259e+01 1.3430874658e+01 3.9164097259e+01 1.0000000000e+00 1.1308024349e+01 1.0255898208e+01 4.7631887027e+00 2.3280576472e+01 -4.2122200624e-01 9.0695756321e-01
-2.9976606128e-04 6.1567612551e-05 -1.7773805081e+01 2.6435022900e+01 -6.5276236981e+00 4.6638343829e+01 1.4775945975e+01 -3.9077374754e+01 1.4775945975e+01 3.9077374754e+01 1.0000000000e+00 1.0804683688e+01 9.8346581607e+00 4.4744483981e+00 2.3276102704e+01 -4.1412118366e-01 9.1022175608e-01
-3.0472931103e-04 5.9354865420e-05 -1.5494778634e+01 2.8084627654e+01 -4.8962281935e+00 4.9277939450e+01 1.8255128193e+01 -3.8646135020e+01 1.8255128193e+01 3.8646135020e+01 1.0000000000e+00 1.0275217307e+01 9.4101506156e+00 4.1266398070e+00 2.3257491904e+01 -4.0161095223e-01 9.1581037505e-01
-3.1232692472e-04 5.6307262103e-05 -7.2185813317e+00 3.2346417135e+01 -3.2595803972e+00 5.5486331971e+01 2.6795967836e+01 -3.7274129564e+01 2.6795967836e+01 3.7274129564e+01 1.0000000000e+00 9.1484015573e+00 8.5851981646e+00 3.1603201623e+00 2.3140351325e+01 -3.4545052953e-01 9.3843696200e-01
-3.2062736490e-04 5.4347213238e-05 3.5189416935e+01 2.9270712375e+01 -6.0718358017e+00 6.2760534663e+01 5.0793602149e+01 -2.1676021015e+01 5.0793602149e+01 2.1676021016e+01 1.0000000000e+00 1.0583951303e+01 1.0448475568e+01 1.6880116970e+00 2.2790513880e+01 -1.5948785560e-01 9.8719989056e-01
-3.2466123796e-04 5.3772411197e-05 4.3562515084e+01 2.6332791078e+01 -3.3732661441e+00 6.1061437161e+01 5.5348461652e+01 -1.5159212712e+01 5.5348461652e+01 1.5159212708e+01 1.0000000000e+00 1.3579345326e+01 1.3400745082e+01 2.1951425346e+00 2.2781880511e+01 -1.6165304599e-01 9.8684765426e-01
-3.3014328907e-04 5.2138511890e-05 4.8363689036e+01 3.5177663056e+01 9.1458284213e+00 6.9803668822e+01 6.9055925714e+01 -1.1546408256e+01 6.9055925714e+01 1.1546408281e+01 1.0000000000e+00 1.6156676382e+01 1.4940965275e+01 6.1486379274e+00 2.3334738171e+01 -3.8056329051e-01 9.2475487667e-01
-3.3564626617e-04 4.9657384667e-05 4.9405535831e+01 4.2004934786e+01 1.6489819628e+01 7.8037623114e+01 7.8002720442e+01 -1.2107364983e+01 7.8002720442e+01 1.2107364857e+01 1.0000000000e+00 1.5361443623e+01 1.3797577771e+01 6.7528362806e+00 2.3529698415e+01 -4.3959646284e-01 8.9819538513e-01
-3.4108621817e-04 4.6750419746e-05 4.9965199995e+01 4.5474845171e+01 2.1551103024e+01 8.2506348657e+01 8.3393214116e+01 -1.1876911097e+01 8.3393214116e+01 1.1876911540e+01 1.0000000000e+00 1.3605999655e+01 1.1787811433e+01 6.7949045779e+00 2.3715119922e+01 -4.9940502355e-01 8.6636864120e-01
-3.4650269202e-04 4.3516366093e-05 5.2124701871e+01 4.9783439715e+01 2.7254368259e+01 8.8846681274e+01 9.0985190415e+01 -1.1606120285e+01 9.0985190415e+01 1.1606120318e+01 1.0000000000e+00 1.2818239221e+01 1.0923731866e+01 6.7066637643e+00 2.3780833324e+01 -5.2321256052e-01 8.5220221574e-01
-3.5736112789e-04 3.6183776946e-05 5.9872396097e+01 6.0446927562e+01 4.0685325060e+01 1.0596233528e+02 1.1145624338e+02 -1.0898522220e+01 1.1145624338e+02 1.0898609084e+01 1.0000000000e+00 9.8482096277e+00 7.9388234231e+00 5.8277195821e+00 2.3939252405e+01 -5.9175421751e-01 8.0611844418e-01
-3.6839058532e-04 2.7697770340e-05 7.3529466057e+01 7.6736580358e+01 6.0364944274e+01 1.3335567222e+02 1.4394013842e+02 -1.0045728088e+01 1.4394013842e+02 1.0049776230e+01 1.0000000000e+00 7.7049058410e+00 5.9769122573e+00 4.8623136352e+00 2.3988067078e+01 -6.3106723633e-01 7.7572813745e-01
-3.7977624387e-04 1.7875170813e-05 1.0035120061e+02 1.0715472868e+02 9.5842082479e+01 1.8546998811e+02 2.0517778911e+02 -8.9845060175e+00 2.0517778911e+02 9.0195967387e+00 1.0000000000e+00 4.7734504873e+00 3.5286262376e+00 3.2147513793e+00 2.3969935323e+01 -6.7346490507e-01 7.3921919729e-01
8.8692444486e-05 1.5539252092e-04 2.0347741221e+00 -2.6982968095e+00 -1.8505369285e+01 1.8369965202e+01 2.3706067727e+00 -1.8841201936e+01 2.3932289957e+00 1.8841198169e+01 1.0000000000e+00 2.7621705141e+01 2.7287243335e+01 4.2854341760e+00 1.9263453472e+01 -1.5514734351e-01 9.8789134109e-01
2.1912695252e-04 1.5675002183e-04 1.5420343101e+00 -6.1843077284e+00 -1.0726325363e+01 1.5085420367e+01 4.1174259837e+00 -1.3301717036e+01 4.1174359995e+00 1.3301717036e+01 1.0000000000e+00 2.8202072195e+01 2.7400319206e+01 -6.6767794240e+00 1.6276409434e+01 2.3674783108e-01 9.7157113197e-01
3.0494109672e-04 1.1907632605e-04 -3.6512634539e+00 -7.9726005173e+00 -5.3626675961e+00 1.3886785747e+01 3.5105739640e+00 -1.2524505014e+01 3.5105739640e+00 1.2524505014e+01 1.0000000000e+00 2.0260973253e+01 1.7009197732e+01 -1.1008825082e+01 1.4461385336e+01 5.4335124696e-01 8.3950546301e-01
3.6050943574e-04 6.8050468218e-05 -6.1702125610e+00 -9.8872317759e+00 4.8059114451e+00 1.9581487733e+01 1.0623226656e+01 -1.1987527772e+01 1.0623226656e+01 1.1987527772e+01 1.0000000000e+00 8.6634932678e+00 5.1604814241e+00 -6.9588466769e+00 1.3588261820e+01 8.0323796207e-01 5.9565827140e-01
9.2732988967e-06 1.3038557965e-04 -4.5509066427e+01 -5.7159094849e+00 -3.4193572168e+01 1.3893220135e+01 -3.1830064913e+01 -4.7872573682e+01 1.0873490788e-08 4.7872573682e+01 1.0000000000e+00 1.3675520360e+01 1.3589266056e+01 1.5335270324e+00 2.0012975001e+01 -1.1213664944e-01 9.9369279551e-01
4.9771481461e-05 1.3757473643e-04 -5.3608934414e+01 -2.1649103633e+01 -5.1738396158e+01 3.7142754527e+01 -3.1229285961e+01 -7.4118044611e+01 5.1940874696e-02 7.4140537381e+01 1.0000000000e+00 4.7225788686e+00 3.9098052175e+00 2.6488062087e+00 2.1171010587e+01 -5.6088130711e-01 8.2789622498e-01
2.0149643412e-04 1.5985459229e-04 2.9516634267e+00 -5.8320286389e+00 -1.1433516101e+01 1.6034073906e+01 5.0163505487e+00 -1.3498203223e+01 5.0164149231e+00 1.3498203223e+01 1.0000000000e+00 2.9928898634e+01 2.9547361058e+01 -4.7636569938e+00 1.6791204514e+01 1.5916579664e-01 9.8725186714e-01
3.7095639401e-04 5.2710496465e-05 -6.4442967477e+00 -1.0631333630e+01 9.4014273726e+00 2.2955417503e+01 1.4731881787e+01 -1.1774751162e+01 1.4731881787e+01 1.1774751186e+01 1.0000000000e+00 5.9319142022e+00 3.1504065967e+00 -5.0261858678e+00 1.3580235336e+01 8.4731263745e-01 5.3109443079e-01
3.8018012531e-04 3.6118153814e-05 -6.2507626831e+00 -1.1844525159e+01 1.6088892796e+01 2.8182709470e+01 2.1190359956e+01 -1.1352229842e+01 2.1190359956e+01 1.1352207644e+01 1.0000000000e+00 2.7960416952e+00 1.2535679880e+00 -2.4992831894e+00 1.3674969026e+01 8.9386477809e-01 4.4833665754e-01
2.3218650183e-04 1.5247571464e-04 4.2600965546e-01 -6.4629923081e+00 -1.0169797883e+01 1.4472849689e+01 3.4840095503e+00 -1.3227797778e+01 3.4840108842e+00 1.3227797778e+01 1.0000000000e+00 2.7269834083e+01 2.6190600030e+01 -7.5958094371e+00 1.6003582805e+01 2.7854256149e-01 9.6042388633e-01
2.6194487467e-04 1.4228005681e-04 -1.3954090228e+00 -7.0247021887e+00 -8.6365794503e+00 1.3687063677e+01 2.8862356616e+00 -1.2918224135e+01 2.8862355862e+00 1.2918224135e+01 1.0000000000e+00 2.4769643054e+01 2.2863825112e+01 -9.5278915959e+00 1.5336748347e+01 3.8466002821e-01 9.2305832031e-01
2.8939170078e-04 1.2886394537e-04 -2.8703979324e+00 -7.5957292043e+00 -6.7564530665e+00 1.3578885423e+01 3.0263476546e+00 -1.2653198653e+01 3.0263476545e+00 1.2653198653e+01 1.0000000000e+00 2.1924123324e+01 1.9111702486e+01 -1.0742905176e+01 1.4737036343e+01 4.9000386548e-01 8.7172026007e-01
3.3561105579e-04 9.4918628332e-05 -5.0945588717e+00 -8.8654157607e+00 -1.3129745484e+00 1.5697428300e+01 5.8591477448e+00 -1.2266681165e+01 5.8591477448e+00 1.2266681165e+01 1.0000000000e+00 1.5137829128e+01 1.1136652147e+01 -1.0253236058e+01 1.3890299110e+01 6.7732539267e-01 7.3568356815e-01
2.5621581799e-05 1.3224693757e-04 -5.5046012509e+01 -9.0681877754e+00 -3.5221702677e+01 2.3193701014e+01 -3.1742968070e+01 -5.8524747117e+01 -4.9564907182e-09 5.8524747117e+01 1.0000000000e+00 1.1402578177e+01 1.1266019892e+01 1.7594274280e+00 2.0057438353e+01 -1.5430084325e-01 9.8802391154e-01
9.6107694639e-05 1.5702704258e-04 8.5660881550e-01 -2.8692287991e+00 -1.8190416746e+01 1.7216416800e+01 1.2729989087e+00 -1.8606806839e+01 1.2994197248e+00 1.8606806811e+01 1.0000000000e+00 2.7438533890e+01 2.7173402620e+01 3.8051717616e+00 1.9151108590e+01 -1.3867984991e-01 9.9033726539e-01
2.1059962217e-04 1.5868286466e-04 2.2721862753e+00 -6.0074697305e+00 -1.1071851032e+01 1.5547912218e+01 4.5767589265e+00 -1.3376423683e+01 4.5767350491e+00 1.3376423683e+01 1.0000000000e+00 2.9197349298e+01 2.8654037111e+01 -5.6063681003e+00 1.6571937798e+01 1.9201633830e-01 9.8139172904e-01
2.4081666717e-04 1.5029287112e-04 -8.8770254960e-02 -6.6137103543e+00 -9.7591909947e+00 1.4189206508e+01 3.2681615724e+00 -1.3116122822e+01 3.2681611991e+00 1.3116122822e+01 1.0000000000e+00 2.6649848866e+01 2.5375495888e+01 -8.1423984816e+00 1.5828679460e+01 3.0553263257e-01 9.5218160581e-01
2.9707898535e-04 1.2444547201e-04 -3.2571522882e+00 -7.7683182197e+00 -6.1056319546e+00 1.3678315842e+01 3.2157872122e+00 -1.2578571455e+01 3.2157872122e+00 1.2578571455e+01 1.0000000000e+00 2.1117156525e+01 1.8080970928e+01 -1.0909298326e+01 1.4598945912e+01 5.1660829968e-01 8.5622185484e-01
3.5188684266e-04 7.8352043871e-05 -5.8163735101e+00 -9.4854605243e+00 2.1913020088e+00 1.7829156606e+01 8.4811326150e+00 -1.2106204116e+01 8.4811326150e+00 1.2106204116e+01 1.0000000000e+00 1.1372297198e+01 7.4587035358e+00 -8.5846889939e+00 1.3666459440e+01 7.5487729915e-01 6.5586604061e-01
3.9072502051e-04 1.2586107190e-05 -1.3026661355e+00 -1.9108690419e+01 3.4395824413e+01 4.5044046274e+01 4.2552771380e+01 -9.4596131030e+00 4.2552771380e+01 9.3106152177e+00 1.0000000000e+00 3.7679989440e-02 1.3955904041e-02 -3.5000204951e-02 1.3965105067e+01 9.2888043418e-01 3.7037972271e-01
-2.2316575763e-04 3.9623848241e-05 9.6601275018e+01 4.0519892587e+01 -2.7940680867e+01 1.2867626787e+02 1.0862157497e+02 -3.9960980819e+01 1.0862157497e+02 3.9960980819e+01 0.0000000000e+00 nan nan nan nan nan nan
-2.0159594982e-04 4.0402945325e-05 9.7997262859e+01 3.4351610904e+01 -3.3336396475e+01 1.2835775555e+02 1.0643781791e+02 -4.1776951528e+01 1.0643781791e+02 4.1776951528e+01 0.0000000000e+00 nan nan nan nan nan nan
1.1388993471e-04 6.6752720373e-05 1.5741086233e+01 -2.9696369204e+00 -2.2637481295e+01 3.3634903329e+01 1.5970922960e+01 -2.2867318022e+01 1.5970921314e+01 2.2867318022e+01 0.0000000000e+00 nan nan nan nan nan nan
-1.5634897874e-04 4.0952193208e-05 9.9815066556e+01 2.1789169268e+01 -4.0728617736e+01 1.2742943794e+02 1.0311464472e+02 -4.4028195885e+01 1.0311464471e+02 4.4028195884e+01 0.0000000000e+00 nan nan nan nan nan nan
2.7021562284e-04 6.6826350931e-05 -3.1850381403e+00 -6.6110907656e+00 -1.1513681330e+01 1.3531125218e+01 4.6283905187e-01 -1.5161558522e+01 4.6958694737e-01 1.5161558522e+01 0.0000000000e+00 nan nan nan nan nan nan
1.5766160685e-04 1.2095249167e-04 -8.0536488083e+00 -2.0062562353e+00 -1.6644623652e+01 8.2137407085e+00 -7.6069308210e+00 -1.7091341639e+01 7.0613684764e-08 1.7091341639e+01 0.0000000000e+00 nan nan nan nan nan nan
-2.2368636931e-04 6.6047100122e-05 2.9685007613e+01 3.1261443739e+01 -2.2952692279e+01 7.0776149374e+01 4.4228786560e+01 -3.7496471226e+01 4.4228786560e+01 3.7496471226e+01 0.0000000000e+00 nan nan nan nan nan nan
2.4510761743e-04 4.1475909757e-05 1.2536126122e+01 -1.1167917251e+01 -1.2872316604e+01 2.9313912301e+01 1.6756299917e+01 -1.7092490399e+01 1.6742868965e+01 1.7092490399e+01 0.0000000000e+00 nan nan nan nan nan nan
2.2519141234e-04 3.9060080194e-05 2.0961681793e+01 -1.1657102821e+01 -1.3836344502e+01 3.6273706944e+01 2.4505303114e+01 -1.7379965823e+01 2.4505247431e+01 1.7379965823e+01 0.0000000000e+00 nan nan nan nan nan nan
2.8983672635e-04 9.2653442118e-05 -3.3019167316e+00 -8.2929819792e+00 -7.5650602887e+00 1.4829658232e+01 3.1284186620e+00 -1.3995395682e+01 3.1284188174e+00 1.3995395682e+01 0.0000000000e+00 nan nan nan nan nan nan
2.0183155000e-04 9.3095465116e-05 -6.4143721151e+00 -2.2063995400e+00 -1.5805748685e+01 8.9839528163e+00 -5.9231728232e+00 -1.6296947977e+01 1.6311724594e-05 1.6296947977e+01 0.0000000000e+00 nan nan nan nan nan nan
3.3552101731e-04 6.7161849686e-05 -3.7370625721e+00 -1.0812795797e+01 -1.0724277831e+00 1.8866589798e+01 8.4878855212e+00 -1.3297375876e+01 8.4878855212e+00 1.3297375876e+01 0.0000000000e+00 nan nan nan nan nan nan
-1.5693157580e-04 6.6371252243e-05 4.7109371753e+01 1.9516685684e+01 -3.4485031488e+01 7.8330247770e+01 5.1536159768e+01 -3.8911819503e+01 5.1536159768e+01 3.8911819503e+01 0.0000000000e+00 nan nan nan nan nan nan
-8.6189060505e-07 6.6324865763e-05 5.1505839116e+01 -7.0946202757e+00 -3.4421702002e+01 7.5423093325e+01 5.2087611791e+01 -3.5003474677e+01 5.2087611791e+01 3.5003474677e+01 0.0000000000e+00 nan nan nan nan nan nan
2.2288690079e-05 6.6444820594e-05 4.5913202179e+01 -7.6389050117e+00 -2.4740354912e+01 6.2600665817e+01 4.6728934894e+01 -2.5556087627e+01 4.6728934894e+01 2.5556087627e+01 0.0000000000e+00 nan nan nan nan nan nan
-4.3200981330e-05 6.6520649897e-05 5.2815693483e+01 -3.3957481362e+00 -4.0317517262e+01 8.0869375828e+01 5.2939044014e+01 -4.0440867793e+01 5.2939044014e+01 4.0440867793e+01 0.0000000000e+00 nan nan nan nan nan nan
1.7933134888e-04 9.3345204208e-05 -6.6351026900e+00 -2.1075773186e+00 -1.6595023524e+01 9.3687668970e+00 -6.2060030167e+00 -1.7024123197e+01 1.9591355704e-04 1.7024123197e+01 0.0000000000e+00 nan nan nan nan nan nan
-1.5715242769e-04 9.4309633995e-05 8.5393213873e+00 1.5202651502e+01 -2.9688512436e+01 4.2298876934e+01 1.3846672460e+01 -3.4995863508e+01 1.3846682413e+01 3.4995863508e+01 0.0000000000e+00 nan nan nan nan nan nan
1.5902117288e-04 1.4654139417e-04 -4.6306097963e+00 -2.4531123497e+00 -1.6711676661e+01 1.1296568625e+01 -4.1490662919e+00 -1.7193220165e+01 -6.4634419611e-04 1.7193220165e+01 0.0000000000e+00 nan nan nan nan nan nan
4.5161118175e-05 6.7510282978e-05 3.5495081012e+01 -5.9750096316e+00 -2.1746123600e+01 5.0642834026e+01 3.6113132563e+01 -2.2364175151e+01 3.6113132563e+01 2.2364175151e+01 0.0000000000e+00 nan nan nan nan nan nan
-3.1527323264e-04 1.2657471814e-05 1.5798070170e+02 6.6511099064e+01 8.2021986651e+00 1.7348000745e+02 1.8325017919e+02 -1.7067278816e+01 1.8325017919e+02 1.7067278816e+01 0.0000000000e+00 nan nan nan nan nan nan
2.6694362084e-04 1.2108447041e-04 -2.7601421995e+00 -7.3780674400e+00 -8.6745678217e+00 1.3766859992e+01 2.2309453118e+00 -1.3665655333e+01 2.2309484444e+00 1.3665655333e+01 0.0000000000e+00 nan nan nan nan nan nan
2.7066769997e-04 9.2323674313e-05 -3.4312207083e+00 -7.2653306167e+00 -9.6246653230e+00 1.3678340359e+01 1.3692504726e+00 -1.4425136504e+01 1.3694601172e+00 1.4425136504e+01 0.0000000000e+00 nan nan nan nan nan nan
2.9202903734e-04 3.8538901311e-05 -1.7488945700e+00 -7.8016622497e+00 -1.1382753519e+01 1.5878705095e+01 2.6017506162e+00 -1.5733398706e+01 2.6017607111e+00 1.5733398706e+01 0.0000000000e+00 nan nan nan nan nan nan
1.5766542994e-04 9.3356123734e-05 -5.0727912478e+00 -2.3887137286e+00 -1.6619205264e+01 1.0825577526e+01 -4.5958481571e+00 -1.7096148355e+01 7.6473950056e-04 1.7096148355e+01 0.0000000000e+00 nan nan nan nan nan nan
2.0211150255e-04 3.8778651265e-05 2.3293447324e+01 -1.0706722369e+01 -1.4743106639e+01 3.7802130490e+01 2.6100240557e+01 -1.7549899872e+01 2.6100240119e+01 1.7549899872e+01 0.0000000000e+00 nan nan nan nan nan nan
-6.8343222965e-05 6.6321471306e-05 5.2763471154e+01 7.7929839698e-01 -4.0684922204e+01 8.0939147787e+01 5.2769513238e+01 -4.0690964287e+01 5.2769513238e+01 4.0690964287e+01 0.0000000000e+00 nan nan nan nan nan nan
-9.0309998618e-05 6.6446271409e-05 5.1937146230e+01 5.1012326664e+00 -4.0034385878e+01 8.0137216958e+01 5.2218623959e+01 -4.0315863607e+01 5.2218623959e+01 4.0315863607e+01 0.0000000000e+00 nan nan nan nan nan nan
1.3472701783e-04 1.4612090075e-04 -3.7259858314e+00 -2.4246255260e+00 -1.6799601050e+01 1.2078080456e+01 -3.2895104380e+00 -1.7236076444e+01 4.6700401087e-05 1.7236076444e+01 0.0000000000e+00 nan nan nan nan nan nan
6.8383138580e-05 3.9150368329e-05 8.0317425320e+01 -1.9055552182e+01 -1.9040703391e+01 9.2161962579e+01 8.3848094869e+01 -2.2571372940e+01 8.3848094869e+01 2.2571372940e+01 0.0000000000e+00 nan nan nan nan nan nan
8.9055583393e-05 4.1076406756e-05 5.9637711787e+01 -1.4025473239e+01 -2.0297269548e+01 7.3366591690e+01 6.2028442581e+01 -2.2688000343e+01 6.2028442581e+01 2.2688000343e+01 0.0000000000e+00 nan nan nan nan nan nan
6.6673887030e-05 9.3121748112e-05 5.7678967970e+00 1.5877659948e+00 -2.1966423636e+01 2.4181972288e+01 5.8622047910e+00 -2.2060731630e+01 5.8620508684e+00 2.2060731630e+01 0.0000000000e+00 nan nan nan nan nan nan
2.2351190757e-04 6.7200025758e-05 -4.9228229546e+00 -3.0062845407e+00 -1.5913482520e+01 1.0852365747e+01 -4.1525364517e+00 -1.6683769023e+01 -7.4094717528e-03 1.6683769023e+01 0.0000000000e+00 nan nan nan nan nan nan
1.8037844012e-04 1.3541061383e-05 7.9338026272e+01 -2.2628417086e+01 -1.5195386407e+01 9.0769967891e+01 8.4477385329e+01 -2.0334745464e+01 8.4477385329e+01 2.0334745464e+01 0.0000000000e+00 nan nan nan nan nan nan
1.5671142044e-04 1.2265390225e-05 1.1737835878e+02 -2.7776036385e+01 -1.6201949998e+01 1.2529445259e+02 1.2292699032e+02 -2.1750581535e+01 1.2292699032e+02 2.1750581535e+01 0.0000000000e+00 nan nan nan nan nan nan
1.3385205952e-04 1.3338266003e-05 1.4452894918e+02 -3.2926887970e+01 -1.6463167772e+01 1.5064149079e+02 1.5100579596e+02 -2.2940014555e+01 1.5100579596e+02 2.2940014555e+01 0.0000000000e+00 nan nan nan nan nan nan
-4.4758871659e-05 1.1880574783e-05 1.7777965546e+02 -2.0261159478e+00 -4.9791167099e+01 1.9711289113e+02 1.7779742493e+02 -4.9808936577e+01 1.7779742493e+02 4.9808936577e+01 0.0000000000e+00 nan nan nan nan nan nan
2.7075198750e-04 1.4435748439e-05 2.3680223497e+01 -1.9195137771e+01 -1.0551398928e+01 4.4539320916e+01 3.2279201204e+01 -1.9150376636e+01 3.2279201194e+01 1.9150376636e+01 0.0000000000e+00 nan nan nan nan nan nan
1.7768183138e-04 1.4694976487e-04 -2.5694179502e+00 -3.5010836593e+00 -1.4325949745e+01 1.1844505844e+01 -1.6092552105e+00 -1.5286112485e+01 3.4007385701e-02 1.5286112485e+01 0.0000000000e+00 nan nan nan nan nan nan
-8.2041479506e-07 1.3574395643e-05 1.7598325533e+02 -1.0340920227e+01 -4.2651719922e+01 1.9018794886e+02 1.7647083118e+02 -4.3139295771e+01 1.7647083117e+02 4.3139295771e+01 0.0000000000e+00 nan nan nan nan nan nan
-2.3750258689e-05 1.3456228306e-05 1.7460419176e+02 -5.9126946555e+00 -4.7027835761e+01 1.9221143700e+02 1.7476150289e+02 -4.7185146894e+01 1.7476150289e+02 4.7185146894e+01 0.0000000000e+00 nan nan nan nan nan nan
-2.0199077091e-04 1.2028982954e-05 1.9290461337e+02 3.2233546587e+01 -4.2181863789e+01 2.1110492294e+02 1.9724285888e+02 -4.6520109294e+01 1.9724285888e+02 4.6520109294e+01 0.0000000000e+00 nan nan nan nan nan nan
2.0075927772e-04 1.4757197564e-04 -7.8239888815e-01 -5.6602907828e+00 -1.1848650990e+01 1.3709100557e+01 1.5994279579e+00 -1.4230477836e+01 1.6073905632e+00 1.4230477836e+01 0.0000000000e+00 nan nan nan nan nan nan
-1.7985922146e-04 6.5706154434e-05 4.4327570508e+01 2.4410445538e+01 -3.1378976779e+01 7.8011752330e+01 5.1514403073e+01 -3.8565809343e+01 5.1514403073e+01 3.8565809343e+01 0.0000000000e+00 nan nan nan nan nan nan
3.1263771237e-04 9.3563370723e-05 -3.8041452551e+00 -9.0361276548e+00 -4.6381224666e+00 1.5666107198e+01 4.8236973471e+00 -1.3265965069e+01 4.8236973470e+00 1.3265965069e+01 0.0000000000e+00 nan nan nan nan nan nan
1.1152890910e-04 1.4580138906e-04 -4.3876678324e+00 -3.6699766118e+00 -1.7519786561e+01 1.3028215762e+01 -3.4318833194e+00 -1.8475571074e+01 -1.2621506596e-05 1.8475571073e+01 0.0000000000e+00 nan nan nan nan nan nan
8.8625091592e-05 1.4506189697e-04 -7.0057501638e+00 -3.5853894969e+00 -1.9029514763e+01 1.2124473191e+01 -6.0175646024e+00 -2.0017700324e+01 -8.1278294024e-03 2.0017711977e+01 0.0000000000e+00 nan nan nan nan nan nan
1.1380777386e-04 1.2005118674e-04 -8.9655856039e+00 -6.4648292822e-01 -1.7390415746e+01 7.3703735600e+00 -8.9227135163e+00 -1.7433287834e+01 -1.8194656209e-07 1.7433287834e+01 0.0000000000e+00 nan nan nan nan nan nan
2.3194379671e-05 1.2070119784e-04 -2.7903002741e+01 -7.7351239201e+00 -3.6375967999e+01 1.5193844996e+01 -2.3367314872e+01 -4.0911655869e+01 1.2183484741e-05 4.0911655869e+01 0.0000000000e+00 nan nan nan nan nan nan
-1.1083152949e-04 9.3685557404e-05 1.3416909642e+01 8.2683536361e+00 -3.3539680481e+01 4.3111865572e+01 1.4829261774e+01 -3.4952032613e+01 1.4829276009e+01 3.4952032613e+01 0.0000000000e+00 nan nan nan nan nan nan
2.8997032803e-04 1.2085161095e-05 2.1574664154e+01 -2.0652073559e+01 -6.1916954916e+00 4.3102533827e+01 3.2576743839e+01 -1.7193775176e+01 3.2576743789e+01 1.7193775176e+01 0.0000000000e+00 nan nan nan nan nan nan
-1.0484250168e-06 9.3532040163e-05 1.1844380250e+01 -5.7725955030e+00 -3.5485366523e+01 4.2189623486e+01 1.2537697340e+01 -3.6178683613e+01 1.2536460932e+01 3.6178683613e+01 0.0000000000e+00 nan nan nan nan nan nan
-2.2513801130e-05 9.3883555764e-05 1.1085620893e+01 -5.5189498338e+00 -3.6709572199e+01 4.2480571220e+01 1.1714193576e+01 -3.7338144883e+01 1.1713185876e+01 3.7338144883e+01 0.0000000000e+00 nan nan nan nan nan nan
-4.5229863723e-05 9.3054871219e-05 1.2836733023e+01 -2.9311091977e+00 -3.6619198244e+01 4.3129140694e+01 1.3009388379e+01 -3.6791853600e+01 1.3009442412e+01 3.6791853600e+01 0.0000000000e+00 nan nan nan nan nan nan
-6.8086353742e-05 9.2855544296e-05 1.3984922938e+01 7.5027211008e-01 -3.5933199351e+01 4.3248764241e+01 1.3995547470e+01 -3.5943823883e+01 1.3995584518e+01 3.5943823883e+01 0.0000000000e+00 nan nan nan nan nan nan
-2.2457101991e-04 1.2151607180e-05 2.0051804635e+02 3.9886351792e+01 -3.6824423335e+01 2.1684055923e+02 2.0703976675e+02 -4.3346143738e+01 2.0703976675e+02 4.3346143738e+01 0.0000000000e+00 nan nan nan nan nan nan
3.1429386526e-04 1.3063540760e-05 4.6775151431e-01 -1.0885598579e+01 -9.9769009758e+00 2.0911802038e+01 7.3188598050e+00 -1.6828009266e+01 7.3188598049e+00 1.6828009266e+01 0.0000000000e+00 nan nan nan nan nan nan
2.2460291312e-04 9.2269425601e-05 -5.1862556410e+00 -4.0262914625e+00 -1.3710187443e+01 1.0152625960e+01 -3.5866002111e+00 -1.5309842873e+01 1.4732866504e-07 1.5309842873e+01 0.0000000000e+00 nan nan nan nan nan nan
-2.6887774730e-04 4.1062283882e-05 7.3478688455e+01 4.6108893274e+01 -1.0206993346e+01 1.0783914008e+02 9.3896804109e+01 -3.0625108999e+01 9.3896804109e+01 3.0625108999e+01 0.0000000000e+00 nan nan nan nan nan nan
-2.8980956473e-04 4.0154131195e-05 6.6230608140e+01 3.8591155063e+01 -4.2816549896e-02 8.8099299984e+01 8.3958050356e+01 -1.7770258766e+01 8.3958050356e+01 1.7770258766e+01 0.0000000000e+00 nan nan nan nan nan nan
-3.3624168645e-04 3.8688343192e-05 4.4138283509e+01 3.1978889675e+01 9.8572888178e-01 6.6788582065e+01 6.1122412029e+01 -1.5998399639e+01 6.1122412029e+01 1.5998399602e+01 0.0000000000e+00 nan nan nan nan nan nan
2.2388316495e-04 1.4701763141e-04 -3.6387057648e-01 -6.3919431324e+00 -1.0663505956e+01 1.4216331179e+01 2.6941143665e+00 -1.3721490899e+01 2.6940841666e+00 1.3721490899e+01 0.0000000000e+00 nan nan nan nan nan nan
3.5817469012e-04 1.1781338274e-05 4.9479685383e-01 -1.3998673626e+01 3.6386074467e+00 2.4395483003e+01 1.6151440829e+01 -1.2018036529e+01 1.6151440829e+01 1.2018039160e+01 0.0000000000e+00 nan nan nan nan nan nan
-1.3508886781e-04 9.2790741565e-05 1.3019881444e+01 1.2299381159e+01 -3.1879265213e+01 4.4335042930e+01 1.6167157086e+01 -3.5026540854e+01 1.6167153844e+01 3.5026540854e+01 0.0000000000e+00 nan nan nan nan nan nan
1.7816988590e-04 6.6657719893e-05 6.9096907216e+00 -6.4696993919e+00 -1.5341982108e+01 2.2296370226e+01 8.6566696588e+00 -1.7088961045e+01 8.6601058150e+00 1.7088961045e+01 0.0000000000e+00 nan nan nan nan nan nan
-6.7115202526e-05 4.0252923123e-05 1.0398381227e+02 1.2615187122e+00 -4.5662296523e+01 1.2961507957e+02 1.0399405896e+02 -4.5672543209e+01 1.0399405896e+02 4.5672543209e+01 0.0000000000e+00 nan nan nan nan nan nan
-8.9820542280e-05 3.8619360797e-05 1.0708389505e+02 5.9701254825e+00 -4.5954726045e+01 1.3293730158e+02 1.0731597135e+02 -4.6186802353e+01 1.0731597135e+02 4.6186802353e+01 0.0000000000e+00 nan nan nan nan nan nan
-2.2069690661e-05 4.0655626357e-05 1.0354496013e+02 -6.7227298057e+00 -4.1855091390e+01 1.2645683085e+02 1.0385481970e+02 -4.2164950962e+01 1.0385481970e+02 4.2164950962e+01 0.0000000000e+00 nan nan nan nan nan nan
9.0392831763e-05 9.2918993537e-05 1.4235712924e+00 1.3358873338e+00 -2.2468260945e+01 2.0824854415e+01 1.5008904760e+00 -2.2545580129e+01 1.4755709512e+00 2.2545580129e+01 0.0000000000e+00 nan nan nan nan nan nan
1.8002709178e-04 4.1083957149e-05 2.5366296800e+01 -9.8106160389e+00 -1.5824896555e+01 3.9513391826e+01 2.7583767529e+01 -1.8042367285e+01 2.7583767510e+01 1.8042367285e+01 0.0000000000e+00 nan nan nan nan nan nan
1.5746004254e-04 4.0388761660e-05 3.1302492440e+01 -9.5412712796e+00 -1.7930303785e+01 4.5727875585e+01 3.3087095606e+01 -1.9714906951e+01 3.3087095606e+01 1.9714906951e+01 0.0000000000e+00 nan nan nan nan nan nan
-2.0277363252e-04 9.3351934931e-05 -2.2070431861e+00 1.8840061645e+01 -2.4981771645e+01 3.8126181706e+01 8.4177538555e+00 -3.5606568686e+01 8.4177538532e+00 3.5606568686e+01 0.0000000000e+00 nan nan nan nan nan nan
-2.8657616700e-04 6.0677359880e-05 6.6443098513e-01 3.1432840539e+01 -8.3690190192e+00 5.4965355900e+01 2.7881969008e+01 -3.5586557042e+01 2.7881969008e+01 3.5586557042e+01 0.0000000000e+00 nan nan nan nan nan nan
-8.8860377789e-05 1.1752939117e-04 -1.0739656841e+01 5.6090823425e+00 -3.1186956133e+01 2.0192769509e+01 -9.3050055752e+00 -3.2621607399e+01 1.8631900425e-04 3.2621607399e+01 0.0000000000e+00 nan nan nan nan nan nan
3.5408150928e-04 7.0866948742e-05 -5.6342987919e+00 -1.0090456960e+01 3.1314783685e+00 1.9050551912e+01 9.7474310628e+00 -1.2250251486e+01 9.7474310628e+00 1.2250251486e+01 0.0000000000e+00 nan nan nan nan nan nan
-2.4188927969e-04 8.1309619218e-05 -6.6476637718e+00 2.2751384220e+01 -1.9682720807e+01 4.0983998534e+01 1.0496930297e+01 -3.6827314875e+01 1.0496930297e+01 3.6827314875e+01 0.0000000000e+00 nan nan nan nan nan nan
-1.1210846096e-04 4.0405964253e-05 1.0236828207e+02 1.0885779855e+01 -4.4691597584e+01 1.2874467506e+02 1.0316911505e+02 -4.5492430560e+01 1.0316911505e+02 4.5492430560e+01 0.0000000000e+00 nan nan nan nan nan nan
-2.2122633559e-04 8.7848681772e-05 -3.4847995275e+00 2.0832529801e+01 -2.2823165908e+01 3.9775564116e+01 9.8104499319e+00 -3.6118415367e+01 9.8104499319e+00 3.6118415367e+01 0.0000000000e+00 nan nan nan nan nan nan
-2.2383347444e-04 8.8712557393e-05 -5.7920111179e+00 2.0266865042e+01 -2.2577784918e+01 3.7988074636e+01 7.7475270991e+00 -3.6117323135e+01 7.7475270991e+00 3.6117323135e+01 1.0000000000e+00 1.6985027050e+01 1.6084869803e+01 5.4560156999e+00 2.2582420401e+01 -3.2122502272e-01 9.4700289587e-01
-2.6823921446e-04 1.2865260865e-05 2.1130013733e+02 5.9720003301e+01 -1.3808944263e+01 2.2068366021e+02 2.2615736716e+02 -2.8666174092e+01 2.2615736716e+02 2.8666174092e+01 0.0000000000e+00 nan nan nan nan nan nan
2.4795946038e-04 9.4503545167e-05 -4.0639729767e+00 -5.8614881982e+00 -1.1543725815e+01 1.2041703146e+01 -8.5156884300e-01 -1.4756129948e+01 -2.2460756979e-03 1.4756129948e+01 0.0000000000e+00 nan nan nan nan nan nan
-1.3483215497e-04 3.8946381978e-05 1.0529790650e+02 1.6351937504e+01 -4.3440978044e+01 1.3188728766e+02 1.0707362526e+02 -4.5216696805e+01 1.0707362526e+02 4.5216696805e+01 0.0000000000e+00 nan nan nan nan nan nan
2.9345232801e-04 1.1974901296e-04 -3.2258085855e+00 -7.9111670252e+00 -6.4568744575e+00 1.3984318961e+01 3.2325087951e+00 -1.2915191838e+01 3.2325087950e+00 1.2915191838e+01 0.0000000000e+00 nan nan nan nan nan nan
-8.7505159473e-05 1.1950452434e-04 -1.2536492465e+01 5.6250575585e+00 -3.1004243119e+01 1.8721292686e+01 -1.0961624420e+01 -3.2579111164e+01 -5.3935366805e-05 3.2579111164e+01 1.0000000000e+00 1.8845152722e+01 1.8696265617e+01 2.3641981917e+00 2.0874314300e+01 -1.2545391521e-01 9.9209944822e-01
-1.1321426364e-04 1.1426603126e-04 -6.9175532969e+00 8.3371016401e+00 -3.0452588622e+01 2.4975772161e+01 -4.2653021792e+00 -3.3104839740e+01 -1.0855323036e-02 3.3104839740e+01 0.0000000000e+00 nan nan nan nan nan nan
-1.6822425524e-04 1.0366929546e-04 -3.0281032333e+00 1.4524152833e+01 -2.7814105236e+01 3.3067418329e+01 3.6703786385e+00 -3.4512587108e+01 3.6572521515e+00 3.4512587108e+01 0.0000000000e+00 nan nan nan nan nan nan
-1.4235368904e-04 1.1028264816e-04 -5.0084895686e+00 1.1492170192e+01 -2.9178146078e+01 2.8880629472e+01 -4.1907862354e-01 -3.3767557024e+01 -1.4013428975e-01 3.3767557024e+01 1.0000000000e+00 1.8905754094e+01 1.8547713184e+01 3.6619494150e+00 2.1574219623e+01 -1.9369496699e-01 9.8106180221e-01
-2.5331816343e-04 7.7630215285e-05 -8.8934414932e+00 2.3836732419e+01 -1.7597012253e+01 4.1950674659e+01 1.0975006434e+01 -3.7465460180e+01 1.0975006434e+01 3.7465460180e+01 1.0000000000e+00 1.5471024110e+01 1.4331253810e+01 5.8281859308e+00 2.2937284574e+01 -3.7671623347e-01 9.2632871025e-01
-2.5573080204e-04 7.6024859489e-05 -7.8843023961e+00 2.4663492119e+01 -1.6922111822e+01 4.3410766374e+01 1.2660010543e+01 -3.7466424761e+01 1.2660010543e+01 3.7466424761e+01 0.0000000000e+00 nan nan nan nan nan nan
-1.6363372763e-04 1.0579899167e-04 -4.1046968374e+00 1.3806121605e+01 -2.8034142592e+01 3.1639561244e+01 2.1976894870e+00 -3.4336528916e+01 2.2163960990e+00 3.4336528916e+01 1.0000000000e+00 1.8589412366e+01 1.8102783537e+01 4.2255745588e+00 2.1870639338e+01 -2.2731081949e-01 9.7382225860e-01
-2.9361679494e-04 5.9286529317e-05 -1.2526633139e+00 3.1094490322e+01 -6.8191473817e+00 5.4004666813e+01 2.7143703574e+01 -3.5215514270e+01 2.7143703574e+01 3.5215514270e+01 0.0000000000e+00 nan nan nan nan nan nan
-2.9108439964e-04 6.0608590807e-05 -3.4566444553e+00 3.0396528301e+01 -7.5748928383e+00 5.2710298014e+01 2.4916536101e+01 -3.5948073394e+01 2.4916536101e+01 3.5948073394e+01 1.0000000000e+00 1.1782032017e+01 1.0667349007e+01 5.0023937870e+00 2.3275174800e+01 -4.2457818650e-01 9.0539127649e-01
-1.7107410412e-04 1.0419077309e-04 -4.1172837719e+00 1.4588398628e+01 -2.7551355350e+01 3.2405267888e+01 2.8748705778e+00 -3.4543509699e+01 2.9005481507e+00 3.4543509699e+01 1.0000000000e+00 1.8445607827e+01 1.7910855089e+01 4.4092763677e+00 2.1968227843e+01 -2.3904207490e-01 9.7100921027e-01
3.2144717236e-04 1.0303754561e-04 -4.3924326039e+00 -8.6352023911e+00 -3.4202105224e+00 1.4978320961e+01 4.7414160755e+00 -1.2554059202e+01 4.7414160755e+00 1.2554059202e+01 0.0000000000e+00 nan nan nan nan nan nan
3.4455398227e-04 8.0738558249e-05 -5.2667974580e+00 -9.6466481933e+00 6.6710332445e-01 1.7476528397e+01 7.7902313080e+00 -1.2389925442e+01 7.7902313080e+00 1.2389925442e+01 0.0000000000e+00 nan nan nan nan nan nan
-1.2562908814e-04 1.1282538681e-04 -5.9574941807e+00 9.7012732584e+00 -2.9942754979e+01 2.6714757483e+01 -2.5263521558e+00 -3.3373897004e+01 4.2985477174e-02 3.3373897004e+01 0.0000000000e+00 nan nan nan nan nan nan
6.5922327427e-05 1.4546920937e-04 -1.1930667664e+01 -3.0359458882e+00 -2.1589156187e+01 9.1690626875e+00 -1.1466151115e+01 -2.2053672737e+01 -4.8752278924e-01 2.1866136757e+01 0.0000000000e+00 nan nan nan nan nan nan
-3.0961564748e-04 5.2787705165e-05 2.5803099349e+01 3.2691743510e+01 -3.5009610365e+00 6.1695418751e+01 4.6770935780e+01 -2.4468797467e+01 4.6770935780e+01 2.4468797467e+01 1.0000000000e+00 9.1484015573e+00 8.5851981646e+00 3.1603201623e+00 2.3140351325e+01 -3.4545052953e-01 9.3843696200e-01
-3.0408476722e-04 5.4705636072e-05 1.1979077174e+01 3.3079822694e+01 -4.3785432903e+00 5.8850583147e+01 3.7777666963e+01 -3.0177133080e+01 3.7777666963e+01 3.0177133080e+01 1.0000000000e+00 1.0275217307e+01 9.4101506156e+00 4.1266398070e+00 2.3257491904e+01 -4.0161095223e-01 9.1581037505e-01
-3.0140425007e-04 5.5767676491e-05 7.4797654502e+00 3.2728118200e+01 -4.8963251740e+00 5.7563497856e+01 3.4526021121e+01 -3.1942580845e+01 3.4526021121e+01 3.1942580845e+01 0.0000000000e+00 nan nan nan nan nan nan
-2.8606209627e-04 6.3270980228e-05 -6.6346592483e+00 2.9039722792e+01 -9.1228199772e+00 5.0303532992e+01 2.1164018701e+01 -3.6921497927e+01 2.1164018701e+01 3.6921497927e+01 1.0000000000e+00 1.2646428910e+01 1.1453043931e+01 5.3628303060e+00 2.3243047400e+01 -4.2405886627e-01 9.0563462718e-01
-2.8357903605e-04 6.4610776922e-05 -7.8261218630e+00 2.8384937300e+01 -9.8946386405e+00 4.9162697620e+01 1.9523716453e+01 -3.7244476957e+01 1.9523716453e+01 3.7244476957e+01 1.0000000000e+00 1.2646428910e+01 1.1453043931e+01 5.3628303060e+00 2.3243047400e+01 -4.2405886627e-01 9.0563462718e-01
-2.6242640868e-04 7.3734959969e-05 -8.8280230539e+00 2.5328184344e+01 -1.5368500943e+01 4.4213776941e+01 1.3428574020e+01 -3.7625098017e+01 1.3428574020e+01 3.7625098017e+01 1.0000000000e+00 1.4685980244e+01 1.3484770117e+01 5.8171290697e+00 2.3056171287e+01 -3.9610083720e-01 9.1820701738e-01
-2.4677430661e-04 8.0425263073e-05 -8.7532969886e+00 2.2752893680e+01 -1.8992564072e+01 4.0380999304e+01 9.4410502882e+00 -3.7186911349e+01 9.4410502882e+00 3.7186911349e+01 1.0000000000e+00 1.5709840451e+01 1.4595435281e+01 5.8113987971e+00 2.2894939237e+01 -3.6992093045e-01 9.2906324070e-01
3.0805000219e-04 1.1521496990e-04 -3.8117409121e+00 -8.1271877001e+00 -5.0384426077e+00 1.4115341001e+01 3.7244041668e+00 -1.2574587687e+01 3.7244041668e+00 1.2574587687e+01 0.0000000000e+00 nan nan nan nan nan nan
-3.1349283854e-04 4.1075418491e-05 4.9159974505e+01 3.1694681637e+01 -2.1566697246e+00 7.0678154005e+01 6.4307703631e+01 -1.7304398850e+01 6.4307703631e+01 1.7304398850e+01 0.0000000000e+00 nan nan nan nan nan nan
-3.3036582536e-04 4.6217099367e-05 3.6845169800e+01 2.7966427746e+01 -1.3268481078e+00 5.8614958415e+01 5.1600522865e+01 -1.6082201174e+01 5.1600522865e+01 1.6082201165e+01 0.0000000000e+00 nan nan nan nan nan nan
-3.2474443629e-04 4.8124996216e-05 3.5656856739e+01 2.6013231425e+01 -4.1882203353e+00 5.6893769789e+01 4.8581951505e+01 -1.7113315101e+01 4.8581951505e+01 1.7113315103e+01 0.0000000000e+00 nan nan nan nan nan nan
-2.4677294951e-04 1.2381320340e-05 2.0864209366e+02 4.9162173950e+01 -2.8229200071e+01 2.2210198428e+02 2.1843708720e+02 -3.8024193618e+01 2.1843708720e+02 3.8024193618e+01 0.0000000000e+00 nan nan nan nan nan nan
4.3863871128e-05 1.2039648553e-04 -1.4758359750e+01 2.3690861565e+00 -3.0447458381e+01 1.4058382208e+01 -1.4486298313e+01 -3.0719519818e+01 -9.7919703042e-03 3.0719519907e+01 0.0000000000e+00 nan nan nan nan nan nan
3.8121175315e-04 1.2697445398e-05 3.0684615533e+00 -1.8157279231e+01 1.9718691627e+01 3.4572645892e+01 3.1354103003e+01 -8.5669498220e+00 3.1354103003e+01 8.5630097853e+00 0.0000000000e+00 nan nan nan nan nan nan
-1.4938661156e-04 1.0834966710e-04 -4.1435307598e+00 1.2324437800e+01 -2.8876925177e+01 3.0237586542e+01 9.4745076157e-01 -3.3967906698e+01 8.2825490292e-01 3.3967906698e+01 0.0000000000e+00 nan nan nan nan nan nan
-1.8715278441e-04 9.9935728923e-05 -4.0552158338e+00 1.6375141746e+01 -2.6372515044e+01 3.4317809003e+01 4.5995308266e+00 -3.5027261705e+01 4.5995730997e+00 3.5027261705e+01 1.0000000000e+00 1.8096157472e+01 1.7457772070e+01 4.7641483595e+00 2.2161265089e+01 -2.6326850698e-01 9.6472259911e-01
-3.5686322982e-04 1.3494870943e-05 6.2435880813e+01 3.9833493487e+01 4.8497529127e+00 8.5099808076e+01 8.2775213963e+01 -1.5489580237e+01 8.2775213963e+01 1.5489615788e+01 0.0000000000e+00 nan nan nan nan nan nan
3.3578743669e-04 4.0345986573e-05 -1.4440910427e+00 -1.2204483478e+01 -2.4829053692e+00 2.1153620496e+01 1.0249550282e+01 -1.4176546694e+01 1.0249550282e+01 1.4176546694e+01 0.0000000000e+00 nan nan nan nan nan nan
-1.1852412408e-04 1.1479537259e-04 -7.4002619629e+00 8.9077877301e+00 -3.0122072265e+01 2.5000716119e+01 -4.3269969331e+00 -3.3195337295e+01 -9.8400482518e-03 3.3195337295e+01 1.0000000000e+00 1.9032819219e+01 1.8779761202e+01 3.0933439252e+00 2.1274305126e+01 -1.6252683796e-01 9.8670412330e-01
-9.9515282499e-05 1.1800476681e-04 -1.0399485919e+01 6.8978957838e+00 -3.0677582126e+01 2.1234074941e+01 -8.2790351397e+00 -3.2798032906e+01 -2.2573615936e-04 3.2798032906e+01 1.0000000000e+00 1.8970338742e+01 1.8787074927e+01 2.6305071102e+00 2.1023626558e+01 -1.3866421396e-01 9.9033945482e-01
-1.0629975783e-04 1.1623692762e-04 -8.6657160162e+00 7.5904035147e+00 -3.0569455298e+01 2.3074488586e+01 -6.2955234605e+00 -3.2939647853e+01 2.0103273788e-03 3.2939647853e+01 0.0000000000e+00 nan nan nan nan nan nan
-1.0893330289e-04 1.1645471376e-04 -8.7852861755e+00 7.8859077261e+00 -3.0421273328e+01 2.3182696359e+01 -6.2187437684e+00 -3.2987815735e+01 2.3115290084e-03 3.2987815735e+01 1.0000000000e+00 1.9027956825e+01 1.8804717684e+01 2.9061544561e+00 2.1173890015e+01 -1.5273076783e-01 9.8826783442e-01
5.2165901314e-05 1.3799994852e-04 -4.1395913326e+01 -1.3877574006e+01 -5.1964743231e+01 2.4179027829e+01 -3.2720560052e+01 -6.0640096504e+01 6.2812430118e-01 6.0763936707e+01 0.0000000000e+00 nan nan nan nan nan nan
-3.6489140874e-04 2.5295457524e-05 7.2751448986e+01 6.6304842284e+01 4.1517617406e+01 1.1791800871e+02 1.2521452727e+02 -1.0945460876e+01 1.2521452727e+02 1.0946341387e+01 1.0000000000e+00 7.7049058410e+00 5.9769122573e+00 4.8623136352e+00 2.3988067078e+01 -6.3106723633e-01 7.7572813745e-01
-3.5043268374e-04 3.5274723996e-05 5.4951366985e+01 4.8672428009e+01 2.3103858162e+01 8.8655165985e+01 9.0212696520e+01 -1.2157471373e+01 9.0212696520e+01 1.2157463903e+01 0.0000000000e+00 nan nan nan nan nan nan
-3.4444645370e-04 3.8673894772e-05 4.9185063436e+01 4.2485617321e+01 1.6213257341e+01 7.8873994890e+01 7.8237082571e+01 -1.2838761793e+01 7.8237082571e+01 1.2838762856e+01 0.0000000000e+00 nan nan nan nan nan nan
-3.7674304169e-04 1.2860190373e-05 9.3013705700e+01 7.9243602023e+01 5.0769848895e+01 1.4200032873e+02 1.5387570532e+02 -1.0092150722e+01 1.5387570532e+02 1.0058272688e+01 0.0000000000e+00 nan nan nan nan nan nan
-3.6767619476e-04 2.0771758046e-05 7.7828121308e+01 6.7132186579e+01 3.9539150757e+01 1.2086794636e+02 1.2846677740e+02 -1.1099505336e+01 1.2846677740e+02 1.1099584305e+01 0.0000000000e+00 nan nan nan nan nan nan
1.1502166820e-04 1.5812179739e-04 -2.1355299963e+00 -3.5771893149e+00 -1.7656647546e+01 1.4799198426e+01 -1.3517675760e+00 -1.8440409966e+01 3.9616534942e-04 1.8440409966e+01 1.0000000000e+00 2.6400682561e+01 2.6319383945e+01 2.0702822154e+00 1.8689484146e+01 -7.8417753428e-02 9.9692058658e-01
3.8200565140e-04 3.1169700440e-05 -5.8125772752e+00 -1.2632965339e+01 1.8426375739e+01 3.0293587397e+01 2.3796910070e+01 -1.1183111606e+01 2.3796910070e+01 1.1183222459e+01 1.0000000000e+00 1.7397763996e+00 7.2572446342e-01 -1.5811849745e+00 1.3744314387e+01 9.0884378873e-01 4.1713662951e-01
3.7588327079e-04 3.7821771071e-05 -5.5229504063e+00 -1.2499463620e+01 1.3881452321e+01 2.7388801825e+01 1.9992183064e+01 -1.1633681149e+01 1.9992183064e+01 1.1633685767e+01 0.0000000000e+00 nan nan nan nan nan nan
-2.8859192378e-04 6.1985077375e-05 -5.3826017276e+00 2.9653790381e+01 -8.3555377218e+00 5.1375943545e+01 2.2792845111e+01 -3.6530984560e+01 2.2792845111e+01 3.6530984560e+01 1.0000000000e+00 1.2227465399e+01 1.1066522750e+01 5.2002869441e+00 2.3262062104e+01 -4.2529557635e-01 9.0505451368e-01
-2.6992482265e-04 6.6133992905e-05 7.6087646667e-01 3.0113023088e+01 -1.2656082997e+01 5.3419139930e+01 2.4893951554e+01 -3.6789158091e+01 2.4893951554e+01 3.6789158091e+01 0.0000000000e+00 nan nan nan nan nan nan
-2.7154705587e-04 6.9646635419e-05 -8.3429306850e+00 2.6813948439e+01 -1.3070830113e+01 4.6601935419e+01 1.6198759560e+01 -3.7612520359e+01 1.6198759560e+01 3.7612520359e+01 0.0000000000e+00 nan nan nan nan nan nan
-2.7401199778e-04 6.8266009468e-05 -7.5579442265e+00 2.7453753458e+01 -1.2352345041e+01 4.7702587121e+01 1.7585956881e+01 -3.7496246149e+01 1.7585956881e+01 3.7496246149e+01 0.0000000000e+00 nan nan nan nan nan nan
-2.4688795672e-04 3.9665436239e-05 8.9043255945e+01 4.5844353229e+01 -1.9673743788e+01 1.2316004036e+02 1.0579123853e+02 -3.6421726377e+01 1.0579123853e+02 3.6421726377e+01 0.0000000000e+00 nan nan nan nan nan nan
3.4185838383e-04 8.8301321358e-05 -5.3549280200e+00 -9.1370150639e+00 -1.0613143397e-01 1.6461766067e+01 6.7736753429e+00 -1.2234734797e+01 6.7736753429e+00 1.2234734797e+01 1.0000000000e+00 1.3313827841e+01 9.2855318564e+00 -9.5413264239e+00 1.3764042521e+01 7.1664787450e-01 6.9743517546e-01
3.4874679666e-04 8.1717456432e-05 -5.6770301869e+00 -9.3626661642e+00 1.4008336692e+00 1.7332280534e+01 7.8686985732e+00 -1.2144895091e+01 7.8686985732e+00 1.2144895091e+01 1.0000000000e+00 1.2029891204e+01 8.0609802924e+00 -8.9296628778e+00 1.3695709758e+01 7.4228957903e-01 6.7007923476e-01
3.3495093851e-04 1.4533708189e-05 -9.3340856595e-01 -1.1852640013e+01 -5.8414116370e+00 2.0961346305e+01 8.7146288300e+00 -1.5489449033e+01 8.7146288300e+00 1.5489449033e+01 0.0000000000e+00 nan nan nan nan nan nan
3.3199321453e-04 9.7850676316e-05 -4.9220972522e+00 -8.7666644857e+00 -1.9151765486e+00 1.5403248026e+01 5.4744324938e+00 -1.2311706295e+01 5.4744324938e+00 1.2311706295e+01 1.0000000000e+00 1.5717912510e+01 1.1752151147e+01 -1.0437419081e+01 1.3938046787e+01 6.6404613682e-01 7.4769159964e-01
3.3502776826e-04 9.1117358543e-05 -4.9441023584e+00 -9.1453839596e+00 -1.2980908748e+00 1.6148797476e+01 6.2024159533e+00 -1.2444609187e+01 6.2024159533e+00 1.2444609187e+01 0.0000000000e+00 nan nan nan nan nan nan
3.1288925281e-04 6.7111318042e-05 -2.7939540540e+00 -9.8238939034e+00 -5.6410913608e+00 1.7191015417e+01 5.7077146716e+00 -1.4142760086e+01 5.7077146723e+00 1.4142760086e+01 0.0000000000e+00 nan nan nan nan nan nan
4.5341621102e-05 9.3868863107e-05 1.0099113171e+01 2.2079858411e+00 -2.1745065805e+01 2.7844373175e+01 1.0252980031e+01 -2.1898932665e+01 1.0253003039e+01 2.1898932665e+01 0.0000000000e+00 nan nan nan nan nan nan
2.8969399130e-04 6.6824959090e-05 -2.7576609222e+00 -8.1780181192e+00 -9.1947084193e+00 1.5220426237e+01 2.8113325141e+00 -1.4763701856e+01 2.8113272932e+00 1.4763701856e+01 0.0000000000e+00 nan nan nan nan nan nan
2.0186211783e-04 1.1837254057e-04 -5.4217130064e+00 -3.8228173084e+00 -1.3823409678e+01 9.8356222118e+00 -3.9439622107e+00 -1.5301160474e+01 -1.4082067556e-05 1.5301160474e+01 0.0000000000e+00 nan nan nan nan nan nan
-2.3508958520e-04 8.4209211911e-05 -6.2535065653e+00 2.1678097248e+01 -2.0879947644e+01 3.9621210406e+01 9.3085893885e+00 -3.6442043598e+01 9.3085893885e+00 3.6442043598e+01 0.0000000000e+00 nan nan nan nan nan nan
2.5469336741e-04 1.4396444613e-04 -1.0822619435e+00 -6.9127688785e+00 -9.0600365472e+00 1.3822843997e+01 2.9094734571e+00 -1.3051771948e+01 2.9094737801e+00 1.3051771948e+01 1.0000000000e+00 2.5412938480e+01 2.3724392777e+01 -9.1088215241e+00 1.5496347960e+01 3.5843243910e-01 9.3355566872e-01
6.8554384385e-05 6.7206757330e-05 2.7653698303e+01 -4.6858836277e+00 -2.2012595306e+01 4.3773984699e+01 2.8093473348e+01 -2.2452370352e+01 2.8093473347e+01 2.2452370351e+01 0.0000000000e+00 nan nan nan nan nan nan
-1.9171216383e-04 9.7852883570e-05 -3.3017769069e+00 1.7126349395e+01 -2.6013153640e+01 3.5589724944e+01 5.8902720038e+00 -3.5205202550e+01 5.8902749711e+00 3.5205202550e+01 0.0000000000e+00 nan nan nan nan nan nan
-1.3529842529e-04 1.1149340050e-04 -5.4078956634e+00 1.0736114053e+01 -2.9508517888e+01 2.7950621494e+01 -1.3209079319e+00 -3.3595505619e+01 -6.1507479929e-02 3.3595505619e+01 0.0000000000e+00 nan nan nan nan nan nan
-1.3789388938e-04 1.1158793601e-04 -5.7002881788e+00 1.0968141346e+01 -2.9341945014e+01 2.7927474095e+01 -1.3971819099e+00 -3.3645051283e+01 -3.5478653727e-02 3.3645051283e+01 1.0000000000e+00 1.8940666584e+01 1.8601759581e+01 3.5669862798e+00 2.1524455627e+01 -1.8832422101e-01 9.8210691260e-01
-1.1190287724e-04 1.3357440370e-05 1.7351447390e+02 1.0530817291e+01 -5.0681494062e+01 1.9501363200e+02 1.7400766285e+02 -5.1174683009e+01 1.7400766285e+02 5.1174683009e+01 0.0000000000e+00 nan nan nan nan nan nan
8.9093016051e-05 1.4317434957e-05 1.9398199444e+02 -4.0224454073e+01 -1.5379906594e+01 1.9423708359e+02 2.0144387642e+02 -2.2841788575e+01 2.0144387642e+02 2.2841788575e+01 0.0000000000e+00 nan nan nan nan nan nan
-6.5924544261e-05 1.3356343813e-05 1.7289919456e+02 1.7275308233e+00 -5.0816514784e+01 1.9376611699e+02 1.7291225969e+02 -5.0829579919e+01 1.7291225969e+02 5.0829579919e+01 0.0000000000e+00 nan nan nan nan nan nan
2.3123147597e-05 3.8552228393e-05 1.0488244907e+02 -1.5565639309e+01 -2.9557351993e+01 1.1950710493e+02 1.0666000774e+02 -3.1334910666e+01 1.0666000774e+02 3.1334910666e+01 0.0000000000e+00 nan nan nan nan nan nan
4.4594393168e-05 1.3946869775e-05 1.8048040177e+02 -2.1903256643e+01 -2.9243644000e+01 1.8554392283e+02 1.8274221268e+02 -3.1505454908e+01 1.8274221268e+02 3.1505454908e+01 0.0000000000e+00 nan nan nan nan nan nan
-1.5655884935e-04 1.0703056290e-04 -4.0028339431e+00 1.3088984728e+01 -2.8473762309e+01 3.1030616038e+01 1.6772363969e+00 -3.4153832649e+01 1.6524917945e+00 3.4153832649e+01 0.0000000000e+00 nan nan nan nan nan nan
2.4773455936e-04 1.2012462092e-04 -3.0237185946e+00 -6.6895493489e+00 -1.0115106995e+01 1.3113149378e+01 1.0014675280e+00 -1.4140293118e+01 9.9924126372e-01 1.4140293118e+01 0.0000000000e+00 nan nan nan nan nan nan
6.0256608347e-07 3.9496951118e-05 1.0509916355e+02 -1.0581242963e+01 -3.7065055917e+01 1.2447366061e+02 1.0588195527e+02 -3.7847847641e+01 1.0588195527e+02 3.7847847642e+01 0.0000000000e+00 nan nan nan nan nan nan
1.1635669324e-05 1.2916948240e-04 -4.4205284529e+01 -6.4007296029e+00 -3.3973574619e+01 1.4148652407e+01 -3.0920701298e+01 -4.7258157850e+01 -3.2852691216e-08 4.7258157850e+01 1.0000000000e+00 1.3219186399e+01 1.3127477198e+01 1.5544232008e+00 2.0006621741e+01 -1.1758841686e-01 9.9306241708e-01
7.6536351024e-06 1.2825623029e-04 -4.2179577783e+01 -5.8806647844e+00 -3.4958919058e+01 1.1881925934e+01 -3.1709215284e+01 -4.5429281557e+01 -2.7667428915e-08 4.5429281557e+01 1.0000000000e+00 1.3675520360e+01 1.3589266056e+01 1.5335270324e+00 2.0012975001e+01 -1.1213664944e-01 9.9369279551e-01
-1.3366994287e-04 6.7363427361e-05 4.8005375986e+01 1.4361106309e+01 -3.6819458333e+01 7.7555882165e+01 5.0369868272e+01 -3.9183950619e+01 5.0369868272e+01 3.9183950619e+01 0.0000000000e+00 nan nan nan nan nan nan
-2.6351955601e-06 1.2714507745e-04 -3.9212272533e+01 -5.1540969870e+00 -3.4482160640e+01 9.6925646972e+00 -3.1251211750e+01 -4.2443221424e+01 5.6804062524e-08 4.2443221424e+01 1.0000000000e+00 1.4782637580e+01 1.4724690162e+01 1.3076212936e+00 2.0026546258e+01 -8.8456561728e-02 9.9608003528e-01
-1.9957830679e-05 1.2533188936e-04 -3.2096954874e+01 -2.4627083063e+00 -3.3064292480e+01 4.1920405503e+00 -3.0160347937e+01 -3.5000899417e+01 -3.8664448516e-09 3.5000899417e+01 0.0000000000e+00 nan nan nan nan nan nan
-3.5138669602e-05 1.2436916053e-04 -2.6748068857e+01 -3.3240806129e-01 -3.2372767013e+01 4.8894189095e+00 -2.6737510612e+01 -3.2383325259e+01 -4.1474185167e-07 3.2383325259e+01 1.0000000000e+00 1.7227413370e+01 1.7166605024e+01 1.4461823426e+00 2.0273549290e+01 -8.3946574656e-02 9.9647025676e-01
-4.3091703367e-05 1.2399232879e-04 -2.4298959520e+01 7.1908125039e-01 -3.2085866897e+01 6.8342307921e+00 -2.4246668221e+01 -3.2138158196e+01 -2.5018328741e-07 3.2138158196e+01 1.0000000000e+00 1.7622039157e+01 1.7553844294e+01 1.5488106921e+00 2.0356693091e+01 -8.7890548779e-02 9.9613013780e-01
2.2188884226e-05 9.2712259462e-05 1.3790713120e+01 -1.4360066926e+00 -2.9103775998e+01 3.7226775675e+01 1.3836357518e+01 -2.9149420396e+01 1.3836652640e+01 2.9149420396e+01 0.0000000000e+00 nan nan nan nan nan nan
-4.5280562675e-05 1.1969500771e-04 -1.9339928413e+01 5.7234337073e-02 -3.2611986473e+01 1.1488081009e+01 -1.9343310780e+01 -3.2608604106e+01 -1.0956737042e-06 3.2608604106e+01 0.0000000000e+00 nan nan nan nan nan nan
-6.4823484116e-05 1.2154933295e-04 -1.7370422929e+01 3.1078969508e+00 -3.1602230605e+01 1.3436285142e+01 -1.6728883923e+01 -3.2243769611e+01 -3.7291695384e-06 3.2243769611e+01 0.0000000000e+00 nan nan nan nan nan nan
-6.6237709104e-05 1.1939042635e-04 -1.5164573330e+01 2.9346171296e+00 -3.1832944483e+01 1.5296273528e+01 -1.4667451267e+01 -3.2330066546e+01 1.2639439917e-05 3.2330066546e+01 0.0000000000e+00 nan nan nan nan nan nan
-1.9619012303e-04 9.6680184708e-05 -3.5143495381e+00 1.7598926571e+01 -2.5607481171e+01 3.5986083754e+01 6.2156597882e+00 -3.5337490497e+01 6.2156599632e+00 3.5337490497e+01 0.0000000000e+00 nan nan nan nan nan nan
1.3357833263e-04 1.2170826283e-04 -8.8501514900e+00 -1.5136651409e+00 -1.6894611441e+01 7.4459438719e+00 -8.5734637665e+00 -1.7171299164e+01 2.2746007049e-09 1.7171299164e+01 0.0000000000e+00 nan nan nan nan nan nan
1.1300507900e-04 9.1704739950e-05 -1.5237243347e+00 1.0373438409e+00 -2.2974676733e+01 1.8665118473e+01 -1.4728893590e+00 -2.3025511709e+01 -3.5300893797e-02 2.3025511709e+01 0.0000000000e+00 nan nan nan nan nan nan
4.6154611731e-05 3.9619738623e-05 9.8419488185e+01 -2.3232179339e+01 -1.8465099372e+01 1.0892708265e+02 1.0286627490e+02 -2.2911886085e+01 1.0286627490e+02 2.2911886085e+01 0.0000000000e+00 nan nan nan nan nan nan
-8.4869602025e-05 1.1960355833e-04 -1.2884494817e+01 5.3223481089e+00 -3.1096138543e+01 1.8260575266e+01 -1.1447568635e+01 -3.2533064725e+01 -5.9945668886e-05 3.2533064725e+01 0.0000000000e+00 nan nan nan nan nan nan
-1.2850852723e-04 1.1311181373e-04 -6.3357178952e+00 9.9777248242e+00 -2.9750758864e+01 2.6638995234e+01 -2.6632073104e+00 -3.3423269449e+01 3.0552825661e-02 3.3423269449e+01 1.0000000000e+00 1.8994528222e+01 1.8691911283e+01 3.3770630687e+00 2.1424572909e+01 -1.7779136335e-01 9.8406820451e-01
1.5678669650e-04 6.7991627567e-05 9.3965549111e+00 -5.6970257015e+00 -1.6294756101e+01 2.4334520495e+01 1.0600441363e+01 -1.7498642553e+01 1.0600640845e+01 1.7498642553e+01 0.0000000000e+00 nan nan nan nan nan nan
-2.1323430267e-05 6.7113080898e-05 5.1630568331e+01 -5.8996215200e+00 -3.8448583107e+01 7.8676964606e+01 5.2015159307e+01 -3.8833174082e+01 5.2015159307e+01 3.8833174082e+01 0.0000000000e+00 nan nan nan nan nan nan
2.6882894953e-04 4.1865070671e-05 -3.0901182437e+00 -5.5845682510e+00 -1.4159632049e+01 1.3617760346e+01 -7.6265754501e-01 -1.6487092748e+01 -3.9677680853e-01 1.6487092748e+01 0.0000000000e+00 nan nan nan nan nan nan
-1.1212453351e-04 6.6795840783e-05 5.0415205086e+01 9.7097482555e+00 -3.8717588011e+01 7.9000777658e+01 5.1459928785e+01 -3.9762311709e+01 5.1459928785e+01 3.9762311709e+01 0.0000000000e+00 nan nan nan nan nan nan
-1.7530856478e-04 1.0244965946e-04 -3.4271851568e+00 1.5212397183e+01 -2.7298806910e+01 3.3488222072e+01 3.9714379952e+00 -3.4697430061e+01 3.9750360637e+00 3.4697430061e+01 0.0000000000e+00 nan nan nan nan nan nan
1.3341831213e-04 9.2157052129e-05 -1.4519967801e+00 -2.5581156894e+00 -1.6952402408e+01 1.4129679938e+01 -1.0444250778e+00 -1.7359974110e+01 1.3794554090e-02 1.7359974110e+01 0.0000000000e+00 nan nan nan nan nan nan
-2.1898455156e-04 8.9568800301e-05 -4.5083899430e+00 2.0131117567e+01 -2.3157769491e+01 3.8424127902e+01 8.3511008703e+00 -3.6017260305e+01 8.3511008704e+00 3.6017260305e+01 0.0000000000e+00 nan nan nan nan nan nan
-2.1451368945e-04 9.1028211754e-05 -4.2322828712e+00 1.9650637296e+01 -2.3696872502e+01 3.7976369737e+01 7.9610896040e+00 -3.5890244977e+01 7.9610896039e+00 3.5890244977e+01 0.0000000000e+00 nan nan nan nan nan nan
-2.0987958827e-04 9.2609616692e-05 -4.1034902883e+00 1.9099953311e+01 -2.4226376107e+01 3.7386864078e+01 7.4203828427e+00 -3.5750249238e+01 7.4203828426e+00 3.5750249238e+01 0.0000000000e+00 nan nan nan nan nan nan
-2.0770089442e-04 9.4387787847e-05 -5.1996667036e+00 1.8433661902e+01 -2.4477786165e+01 3.6025562892e+01 5.9606419989e+00 -3.5638094867e+01 5.9606419988e+00 3.5638094867e+01 1.0000000000e+00 1.7539094946e+01 1.6758946434e+01 5.1727715919e+00 2.2398204460e+01 -2.9492807970e-01 9.5551945444e-01
3.5822102026e-04 3.9100923362e-05 -2.7429223445e+00 -1.3683980994e+01 5.6883616657e+00 2.4792722861e+01 1.5786804879e+01 -1.2841365557e+01 1.5786804879e+01 1.2841365594e+01 0.0000000000e+00 nan nan nan nan nan nan
2.1983007836e-05 1.3742638923e-05 1.7770550319e+02 -1.5472895625e+01 -3.6548984545e+01 1.8747400659e+02 1.7881642750e+02 -3.7659908846e+01 1.7881642750e+02 3.7659908845e+01 0.0000000000e+00 nan nan nan nan nan nan
6.6965281834e-05 1.4154813321e-05 1.8598874117e+02 -3.0297155885e+01 -2.1695809662e+01 1.8735483982e+02 1.9031583296e+02 -2.6022901453e+01 1.9031583296e+02 2.6022901453e+01 0.0000000000e+00 nan nan nan nan nan nan
-8.8930028008e-05 1.3346603963e-05 1.7279103154e+02 6.0165447001e+00 -5.1164373132e+01 1.9423029707e+02 1.7295224350e+02 -5.1325585099e+01 1.7295224350e+02 5.1325585099e+01 0.0000000000e+00 nan nan nan nan nan nan
-1.3482440186e-04 1.3384350098e-05 1.7522081583e+02 1.5356030923e+01 -4.9530248326e+01 1.9644814629e+02 1.7626467389e+02 -5.0574106387e+01 1.7626467389e+02 5.0574106387e+01 0.0000000000e+00 nan nan nan nan nan nan
-1.8587108776e-07 1.2085226200e-04 -2.9228364977e+01 -6.2049676499e+00 -3.5509266866e+01 1.1998743118e+01 -2.5441338352e+01 -3.9296293490e+01 -2.6736286699e-06 3.9296293490e+01 0.0000000000e+00 nan nan nan nan nan nan
-2.2032668196e-05 1.2083783918e-04 -2.5762039786e+01 -3.2391372600e+00 -3.3657163148e+01 8.8270678528e+00 -2.4613291466e+01 -3.4805911468e+01 -1.1389184851e-06 3.4805911468e+01 0.0000000000e+00 nan nan nan nan nan nan
1.1151196268e-04 1.4603645449e-05 1.6772594378e+02 -3.7072387271e+01 -1.5704704376e+01 1.7134480949e+02 1.7493659158e+02 -2.2915352180e+01 1.7493659158e+02 2.2915352180e+01 0.0000000000e+00 nan nan nan nan nan nan
3.1247099653e-04 4.1288191227e-05 -1.4554471253e+00 -9.8506714135e+00 -7.8533030116e+00 1.7936327527e+01 5.7011684573e+00 -1.5009918594e+01 5.7011684668e+00 1.5009918594e+01 0.0000000000e+00 nan nan nan nan nan nan
2.2501273054e-04 1.2152254560e-04 -3.7427719481e+00 -5.6165695966e+00 -1.1627394350e+01 1.1884883273e+01 -8.2334259212e-01 -1.4546823706e+01 9.4560464237e-03 1.4546823706e+01 0.0000000000e+00 nan nan nan nan nan nan
-2.4639442107e-04 6.5943611203e-05 1.7889881473e+01 3.2349356487e+01 -1.7915672398e+01 6.4031797428e+01 3.6955880019e+01 -3.6981670944e+01 3.6955880019e+01 3.6981670944e+01 0.0000000000e+00 nan nan nan nan nan nan
-1.5767316288e-04 1.3427307633e-05 1.7805029257e+02 2.0598104224e+01 -4.7737691501e+01 1.9876506723e+02 1.7991336560e+02 -4.9600764540e+01 1.7991336560e+02 4.9600764540e+01 0.0000000000e+00 nan nan nan nan nan nan
-1.7875407690e-04 3.9689098019e-05 1.0200016818e+02 2.7926655511e+01 -3.7924485265e+01 1.3047331899e+02 1.0736664730e+02 -4.3290964382e+01 1.0736664730e+02 4.3290964382e+01 0.0000000000e+00 nan nan nan nan nan nan
-1.7993095574e-04 9.2339249993e-05 5.9867897095e+00 1.8011651289e+01 -2.7547205776e+01 4.2619632939e+01 1.3826248517e+01 -3.5386664584e+01 1.3826239730e+01 3.5386664584e+01 0.0000000000e+00 nan nan nan nan nan nan
-2.9129389508e-04 1.4330957879e-05 1.8865707130e+02 6.8096055186e+01 5.4551102587e+00 1.9768982914e+02 2.1119236685e+02 -1.7080185291e+01 2.1119236685e+02 1.7080185291e+01 0.0000000000e+00 nan nan nan nan nan nan
-2.0220941199e-04 6.5515223973e-05 3.8856909734e+01 2.8581415620e+01 -2.7473884267e+01 7.5829009821e+01 4.9471411966e+01 -3.8088386499e+01 4.9471411966e+01 3.8088386499e+01 0.0000000000e+00 nan nan nan nan nan nan
-3.3666412562e-04 1.3367509448e-05 1.0983404575e+02 5.4556818452e+01 6.4777645951e+00 1.3015829408e+02 1.3330283129e+02 -1.6991020950e+01 1.3330283129e+02 1.6991020769e+01 0.0000000000e+00 nan nan nan nan nan nan
2.4648066399e-04 1.3074325774e-05 2.9817775912e+01 -1.7585378308e+01 -1.3724346222e+01 4.8473262809e+01 3.6032766176e+01 -1.9939336486e+01 3.6032766176e+01 1.9939336486e+01 0.0000000000e+00 nan nan nan nan nan nan
9.0410640263e-05 6.6832174864e-05 2.1542679094e+01 -3.7712796583e+00 -2.2331793660e+01 3.8556493835e+01 2.1866044812e+01 -2.2655159377e+01 2.1866044822e+01 2.2655159377e+01 0.0000000000e+00 nan nan nan nan nan nan
2.0083974581e-04 6.8591887768e-05 -1.0224108750e+00 -4.4188147931e+00 -1.5838692760e+01 1.4944958092e+01 1.9792375957e-01 -1.7059027395e+01 3.4485016800e-01 1.7059027395e+01 0.0000000000e+00 nan nan nan nan nan nan
2.2316054724e-04 1.4094819245e-05 4.2211434628e+01 -1.8842474881e+01 -1.3790359270e+01 5.8458704982e+01 4.7961686737e+01 -1.9540611379e+01 4.7961686737e+01 1.9540611379e+01 0.0000000000e+00 nan nan nan nan nan nan
-9.0960429497e-05 9.3122336414e-05 1.4220895565e+01 4.7952078520e+00 -3.4824896432e+01 4.3277803676e+01 1.4684451169e+01 -3.5288452036e+01 1.4684429415e+01 3.5288452036e+01 0.0000000000e+00 nan nan nan nan nan nan
2.4652141518e-04 6.5503874096e-05 -4.0010961692e+00 -4.5813599075e+00 -1.3919828001e+01 1.1691773606e+01 -2.2102134466e+00 -1.5710710724e+01 -1.6629828319e-03 1.5710710724e+01 0.0000000000e+00 nan nan nan nan nan nan
1.3493896955e-04 6.5953502343e-05 1.2450095991e+01 -3.6811868613e+00 -2.0270958178e+01 2.9045001880e+01 1.2858708560e+01 -2.0679570747e+01 1.2858707928e+01 2.0679570747e+01 0.0000000000e+00 nan nan nan nan nan nan
2.0339044618e-04 1.2722633075e-05 6.1261388385e+01 -2.1475865525e+01 -1.4082095610e+01 7.5110002841e+01 6.6954426746e+01 -1.9775133972e+01 6.6954426746e+01 1.9775133972e+01 0.0000000000e+00 nan nan nan nan nan nan
1.7920692152e-04 1.1815242649e-04 -7.2662272145e+00 -2.3612289731e+00 -1.6395605450e+01 8.9026424076e+00 -6.6909733415e+00 -1.6970859323e+01 5.0964729537e-07 1.6970859323e+01 0.0000000000e+00 nan nan nan nan nan nan
-4.4409280319e-05 3.8699500676e-05 1.0806210328e+02 -2.9405775127e+00 -4.4856611451e+01 1.3252882979e+02 1.0811830147e+02 -4.4912809640e+01 1.0811830147e+02 4.4912809640e+01 0.0000000000e+00 nan nan nan nan nan nan
6.7900510006e-05 1.1981603896e-04 -9.2412952420e+00 4.5552177749e+00 -1.8967245316e+01 1.1578327146e+01 -7.4195199848e+00 -2.0789020574e+01 7.7425355712e-04 2.0789030210e+01 0.0000000000e+00 nan nan nan nan nan nan
-2.2866806961e-04 8.7204628142e-05 -6.4252536701e+00 2.0653759876e+01 -2.1931292679e+01 3.8204403539e+01 7.8790494930e+00 -3.6235595842e+01 7.8790494930e+00 3.6235595842e+01 1.0000000000e+00 1.6667612596e+01 1.5706796617e+01 5.5772618427e+00 2.2672701549e+01 -3.3461671914e-01 9.4235431302e-01
3.6071684936e-06 1.2759893512e-04 -4.0710544312e+01 -5.8912057749e+00 -3.5336106326e+01 1.1142461332e+01 -3.1590222269e+01 -4.4456428369e+01 1.0795510914e-09 4.4456428369e+01 0.0000000000e+00 nan nan nan nan nan nan
1.3495766613e-04 3.9758658836e-05 3.9134557767e+01 -9.6988534320e+00 -2.1173515873e+01 5.4863362255e+01 4.0655897913e+01 -2.2694856020e+01 4.0655897913e+01 2.2694856020e+01 0.0000000000e+00 nan nan nan nan nan nan
1.1287254275e-04 3.9329409835e-05 4.9896214781e+01 -1.1914333252e+01 -2.0885754383e+01 6.4681208263e+01 5.1848943202e+01 -2.2838482803e+01 5.1848943202e+01 2.2838482803e+01 0.0000000000e+00 nan nan nan nan nan nan
4.3827083739e-05 1.3525242729e-04 -5.8335112214e+01 -1.8338096256e+01 -4.3318631293e+01 3.4069502790e+01 -3.1156835147e+01 -7.0496908361e+01 1.2846055299e-03 7.0496631722e+01 1.0000000000e+00 5.9786512746e+00 5.5811338865e+00 2.1436454007e+00 2.0654536963e+01 -3.5854999769e-01 9.3351052439e-01
6.9819537729e-05 1.5045788600e-04 3.3134000654e+00 -1.5672486596e+00 -1.9814449348e+01 2.0102259332e+01 3.3555201950e+00 -1.9856569478e+01 2.9989621971e+00 1.9835177936e+01 1.0000000000e+00 2.7634700608e+01 2.6258132531e+01 8.6131964843e+00 2.0205502967e+01 -3.1168047038e-01 9.5018697338e-01
3.2245316882e-04 1.0676644956e-04 -4.4924695973e+00 -8.4191708843e+00 -3.3413886935e+00 1.4614367892e+01 4.5206800909e+00 -1.2354538382e+01 4.5206800909e+00 1.2354538382e+01 1.0000000000e+00 1.7364115013e+01 1.3569698067e+01 -1.0834010547e+01 1.4096818065e+01 6.2393105201e-01 7.8147939342e-01
1.0760546212e-04 1.5779317112e-04 -1.3553564176e+00 -3.3961416895e+00 -1.7887495773e+01 1.5472017269e+01 -6.8865276014e-01 -1.8554199430e+01 7.0358251182e-03 1.8554199429e+01 1.0000000000e+00 2.6821053357e+01 2.6689962551e+01 2.6485471811e+00 1.8855898923e+01 -9.8748812952e-02 9.9511239161e-01
-1.6540408583e-04 1.0773885560e-04 -6.1735338002e+00 1.3548649368e+01 -2.7784615826e+01 3.0013173108e+01 3.4903876025e-01 -3.4307188386e+01 2.4758876953e-01 3.4307188386e+01 1.0000000000e+00 1.8589412366e+01 1.8102783537e+01 4.2255745588e+00 2.1870639338e+01 -2.2731081949e-01 9.7382225860e-01
9.1332141862e-05 1.1957080021e-04 -1.0946816390e+01 3.5786258027e+00 -2.1245781315e+01 1.0877035242e+01 -9.8164396274e+00 -2.2376158077e+01 3.6771810702e-06 2.2376158075e+01 0.0000000000e+00 nan nan nan nan nan nan
-1.8039452181e-04 1.3490544419e-05 1.8214775194e+02 2.6403934320e+01 -4.5179619317e+01 2.0211174734e+02 1.8517333804e+02 -4.8205205424e+01 1.8517333804e+02 4.8205205424e+01 0.0000000000e+00 nan nan nan nan nan nan
2.6528908780e-04 1.3891787755e-04 -1.7162688169e+00 -7.1380047494e+00 -8.4554098070e+00 1.3670769824e+01 2.8069833259e+00 -1.2978661950e+01 2.8069832625e+00 1.2978661950e+01 0.0000000000e+00 nan nan nan nan nan nan
2.2346248191e-04 1.5531683278e-04 1.1326172501e+00 -6.2826088551e+00 -1.0547743203e+01 1.4855286561e+01 3.8691407187e+00 -1.3284266672e+01 3.8691440297e+00 1.3284266672e+01 1.0000000000e+00 2.7885658729e+01 2.6993574971e+01 -6.9969188251e+00 1.6184680467e+01 2.5091459711e-01 9.6800922772e-01
-2.9883873872e-04 5.7057956230e-05 3.1052139573e+00 3.2105238456e+01 -5.4846035994e+00 5.5997253413e+01 3.1140334511e+01 -3.3519724153e+01 3.1140334511e+01 3.3519724153e+01 1.0000000000e+00 1.0804683688e+01 9.8346581607e+00 4.4744483981e+00 2.3276102704e+01 -4.1412118366e-01 9.1022175608e-01
2.7336717677e-04 1.3689991294e-04 -2.0441184719e+00 -7.2616759353e+00 -7.9269004109e+00 1.3568981972e+01 2.8485459526e+00 -1.2819564835e+01 2.8485459549e+00 1.2819564835e+01 1.0000000000e+00 2.3762912811e+01 2.1521115965e+01 -1.0075593921e+01 1.5104176190e+01 4.2400500316e-01 9.0565984635e-01
2.8181990769e-04 1.3306753349e-04 -2.4752043812e+00 -7.4275299131e+00 -7.3354647160e+00 1.3535063718e+01 2.9091381325e+00 -1.2719807230e+01 2.9091381332e+00 1.2719807230e+01 1.0000000000e+00 2.2687045470e+01 2.0102778607e+01 -1.0515717969e+01 1.4880918716e+01 4.6351200659e-01 8.8609063856e-01
3.5491283695e-04 7.5033561938e-05 -5.9521030960e+00 -9.6032473289e+00 3.0187128079e+00 1.8354129559e+01 9.1300664977e+00 -1.2063456786e+01 9.1300664977e+00 1.2063456786e+01 1.0000000000e+00 1.0705158182e+01 6.8652480798e+00 -8.2139381853e+00 1.3641297149e+01 7.6728788547e-01 6.4130281523e-01
3.6341495306e-04 6.4478310609e-05 -6.2933859634e+00 -1.0013986421e+01 5.8458681430e+00 2.0277057150e+01 1.1483205494e+01 -1.1930723314e+01 1.1483205494e+01 1.1930723314e+01 1.0000000000e+00 7.9784892330e+00 4.6264231916e+00 -6.5001922197e+00 1.3579276332e+01 8.1471466965e-01 5.7986205865e-01
3.7353186676e-04 4.8789187690e-05 -6.4985833362e+00 -1.0817691869e+01 1.0846503976e+01 2.4005210810e+01 1.6033375243e+01 -1.1685454603e+01 1.6033375243e+01 1.1685454522e+01 1.0000000000e+00 4.6159640760e+00 2.2981524087e+00 -4.0032012012e+00 1.3604056028e+01 8.6725137702e-01 4.9787051434e-01
3.8880426282e-04 1.7308369362e-05 -3.5163822738e+00 -1.6000727857e+01 2.8904045175e+01 3.9406314925e+01 3.5445077981e+01 -1.0057415079e+01 3.5445077981e+01 1.0076163774e+01 1.0000000000e+00 5.2171361355e-01 1.9789734990e-01 -4.8272324728e-01 1.3872988638e+01 9.2526480955e-01 3.7932180561e-01
-2.0320475581e-04 9.5662041443e-05 -4.8742466559e+00 1.7999069232e+01 -2.4931897797e+01 3.5684249867e+01 5.6992390404e+00 -3.5505383493e+01 5.6992390365e+00 3.5505383493e+01 1.0000000000e+00 1.7662300128e+01 1.6911417304e+01 5.0951752252e+00 2.2350918085e+01 -2.8847744564e-01 9.5748669095e-01
-6.7493412987e-05 1.2142414382e-04 -1.6805252458e+01 3.4273750268e+00 -3.1521659774e+01 1.4046653850e+01 -1.6053616735e+01 -3.2273295498e+01 -2.2900886515e-06 3.2273295498e+01 1.0000000000e+00 1.8459061838e+01 1.8355434392e+01 1.9532005079e+00 2.0630666299e+01 -1.0581255564e-01 9.9438609356e-01
-3.7809551455e-05 1.2418504197e-04 -2.5846195439e+01 1.2383247829e-02 -3.2279648987e+01 5.5446989004e+00 -2.5861688810e+01 -3.2264155615e+01 -3.8305981390e-07 3.2264155615e+01 0.0000000000e+00 nan nan nan nan nan nan
2.8558984224e-04 1.3118846258e-04 -2.6677784484e+00 -7.5053698329e+00 -7.0533296627e+00 1.3542193697e+01 2.9580351205e+00 -1.2679143232e+01 2.9580351205e+00 1.2679143232e+01 1.0000000000e+00 2.2311122424e+01 1.9612434830e+01 -1.0636662251e+01 1.4808358566e+01 4.7674258825e-01 8.7904294807e-01
3.8482321425e-04 2.6409568519e-05 -5.5525443302e+00 -1.3203124694e+01 2.1599355630e+01 3.2775669642e+01 2.6946447341e+01 -1.0899636041e+01 2.6946447341e+01 1.0899375417e+01 1.0000000000e+00 1.2778825911e+00 5.1478495335e-01 -1.1696069290e+00 1.3784606104e+01 9.1526947559e-01 4.0284213663e-01
-2.5997657570e-04 7.4824606177e-05 -8.9116561641e+00 2.4914301683e+01 -1.5970068269e+01 4.3571930302e+01 1.2715403472e+01 -3.7597127906e+01 1.2715403472e+01 3.7597127906e+01 1.0000000000e+00 1.4961873151e+01 1.3778333507e+01 5.8322529057e+00 2.3017492488e+01 -3.8980766960e-01 9.2089629205e-01
3.5703827096e-04 6.7581361879e-05 -5.7460303742e+00 -1.0237754512e+01 4.0416737588e+00 1.9649664944e+01 1.0492561037e+01 -1.2196917653e+01 1.0492561037e+01 1.2196917653e+01 0.0000000000e+00 nan nan nan nan nan nan
3.2886780127e-04 1.0097812691e-04 -4.7867018007e+00 -8.6407994648e+00 -2.4169203047e+00 1.5103984913e+01 5.1184787025e+00 -1.2322100808e+01 5.1184787025e+00 1.2322100808e+01 1.0000000000e+00 1.6284149126e+01 1.2364970117e+01 -1.0596274193e+01 1.3989845699e+01 6.5071095275e-01 7.5932552701e-01
-3.8743673650e-04 8.2913957095e-06 1.4522171021e+02 1.2859981268e+02 1.0604799307e+02 2.2547807470e+02 2.5581467876e+02 -4.5449754854e+00 2.5581467876e+02 5.5524873433e+00 1.0000000000e+00 2.5136085261e+00 1.8324038761e+00 1.7206172897e+00 2.3868762603e+01 -6.8452078825e-01 7.2899334047e-01
-1.9864100830e-04 9.6938600184e-05 -4.6065927623e+00 1.7540555715e+01 -2.5369390958e+01 3.5300955233e+01 5.3930241464e+00 -3.5369007867e+01 5.3930240888e+00 3.5369007867e+01 1.0000000000e+00 1.7779243727e+01 1.7057199698e+01 5.0153211236e+00 2.2303975889e+01 -2.8208855227e-01 9.5938837218e-01
-3.3566157201e-04 4.4230315374e-05 4.1855212434e+01 3.4423095728e+01 7.2574041239e+00 6.6641233051e+01 6.3031642120e+01 -1.3919025562e+01 6.3031642120e+01 1.3919025568e+01 0.0000000000e+00 nan nan nan nan nan nan
-1.5192352243e-04 1.0867794747e-04 -4.7737725624e+00 1.2485862786e+01 -2.8675157952e+01 2.9933124457e+01 5.5743220589e-01 -3.4006362720e+01 4.1143248428e-01 3.4006362720e+01 1.0000000000e+00 1.8770632968e+01 1.8351236305e+01 3.9457303607e+00 2.1722722754e+01 -2.1020763484e-01 9.7765676505e-01
-2.2106777944e-04 9.0245193772e-05 -6.2668650502e+00 1.9708821496e+01 -2.2969509157e+01 3.7071391022e+01 6.7849904822e+00 -3.6021364689e+01 6.7849904822e+00 3.6021364689e+01 1.0000000000e+00 1.6985027050e+01 1.6084869803e+01 5.4560156999e+00 2.2582420401e+01 -3.2122502272e-01 9.4700289587e-01
-4.5759076835e-05 1.2387145739e-04 -2.3525013057e+01 1.0611463340e+00 -3.1996894843e+01 7.5410857419e+00 -2.3407106067e+01 -3.2114801833e+01 -7.8821870785e-08 3.2114801833e+01 1.0000000000e+00 1.7795659985e+01 1.7722945262e+01 1.6070860434e+00 2.0400297543e+01 -9.0307751703e-02 9.9591390691e-01
-1.7768909440e-04 1.0264610964e-04 -4.1845515942e+00 1.5283276092e+01 -2.7089294652e+01 3.3076724235e+01 3.4599325180e+00 -3.4733778764e+01 3.4710978261e+00 3.4733778764e+01 1.0000000000e+00 1.8365856621e+01 1.7806121144e+01 4.4996376753e+00 2.2016791430e+01 -2.4500015263e-01 9.6952304006e-01
-2.3296840171e-04 8.5745821849e-05 -6.9745819605e+00 2.1020343229e+01 -2.1303008841e+01 3.8458882556e+01 8.0654507960e+00 -3.6343041597e+01 8.0654507960e+00 3.6343041597e+01 1.0000000000e+00 1.6498983960e+01 1.5507874821e+01 5.6322544549e+00 2.2717631235e+01 -3.4136977578e-01 9.3992908040e-01
-3.1542837078e-04 5.1138544487e-05 4.3288816621e+01 2.8985627462e+01 -2.2907817187e+00 6.3956849854e+01 5.7424521931e+01 -1.6426487029e+01 5.7424521931e+01 1.6426487029e+01 1.0000000000e+00 9.0793217600e+00 8.7588238406e+00 2.3910434022e+00 2.2982186506e+01 -2.6335044240e-01 9.6470023556e-01
-2.6908829280e-04 7.1144961400e-05 -9.2827715853e+00 2.6086859017e+01 -1.3792650883e+01 4.5335941173e+01 1.4637006606e+01 -3.7712429074e+01 1.4637006606e+01 3.7712429074e+01 1.0000000000e+00 1.4087498018e+01 1.2862851562e+01 5.7449673718e+00 2.3128101128e+01 -4.0780608198e-01 9.1306856232e-01
2.9714963363e-04 1.2076126652e-04 -3.3286015751e+00 -7.9017475873e+00 -6.1078018035e+00 1.3895232143e+01 3.3042143292e+00 -1.2740617708e+01 3.3042143293e+00 1.2740617708e+01 0.0000000000e+00 nan nan nan nan nan nan
2.4997148920e-05 1.3012166573e-04 -4.9298305558e+01 -9.2114968968e+00 -3.5783213614e+01 1.9707492759e+01 -3.1162633336e+01 -5.3918885836e+01 3.4918514201e-08 5.3918885835e+01 0.0000000000e+00 nan nan nan nan nan nan
-1.9425244689e-04 9.8200390735e-05 -4.4548484430e+00 1.7073378561e+01 -2.5765854860e+01 3.4855395883e+01 5.0134205444e+00 -3.5234123847e+01 5.0134197863e+00 3.5234123847e+01 1.0000000000e+00 1.7890386542e+01 1.7196741642e+01 4.9333566176e+00 2.2256650964e+01 -2.7575461302e-01 9.6122806524e-01
2.4595385350e-04 1.4562664994e-04 -7.4212159822e-01 -6.7746037345e+00 -9.5394142424e+00 1.3989313665e+01 2.9359660899e+00 -1.3217501931e+01 2.9359648570e+00 1.3217501931e+01 0.0000000000e+00 nan nan nan nan nan nan
-1.3112727510e-04 1.1265910605e-04 -6.1028832032e+00 1.0257269320e+01 -2.9645419684e+01 2.7040958562e+01 -2.2620467384e+00 -3.3486256149e+01 3.2404262182e-02 3.3486256149e+01 1.0000000000e+00 1.8994528222e+01 1.8691911283e+01 3.3770630687e+00 2.1424572909e+01 -1.7779136335e-01 9.8406820451e-01
-5.0671021975e-05 1.2344242699e-04 -2.1957869843e+01 1.6306146969e+00 -3.1868717458e+01 9.0181620265e+00 -2.1706655377e+01 -3.2119931924e+01 5.2143757240e-07 3.2119931924e+01 1.0000000000e+00 1.7953972455e+01 1.7876189673e+01 1.6694219663e+00 2.0444828574e+01 -9.2983431411e-02 9.9566765614e-01
2.7885519567e-04 1.3134173652e-04 -2.4639540147e+00 -7.4552120374e+00 -7.5729498846e+00 1.3649034545e+01 2.8618218193e+00 -1.2898725719e+01 2.8618218154e+00 1.2898725719e+01 0.0000000000e+00 nan nan nan nan nan nan
1.6671482193e-04 1.6020212183e-04 -1.5192564794e+00 -3.0003689956e+00 -1.6832393224e+01 1.4251163276e+01 -9.4791189827e-01 -1.7403737805e+01 -5.4877052237e-01 1.7403737805e+01 1.0000000000e+00 2.6690382350e+01 2.6656705703e+01 1.3403548167e+00 1.8133852123e+01 -5.0218644273e-02 9.9873824787e-01
-1.4770124043e-04 1.0982081893e-04 -5.2128512847e+00 1.1998620949e+01 -2.8869315180e+01 2.9180816057e+01 -1.9353122699e-01 -3.3888635238e+01 -8.0771400900e-02 3.3888635238e+01 1.0000000000e+00 1.8820591093e+01 1.8422301698e+01 3.8514217152e+00 2.1673770295e+01 -2.0463872235e-01 9.7883757249e-01
3.1193600228e-04 1.1546422150e-04 -3.9858419474e+00 -8.0952324154e+00 -4.6324162736e+00 1.4031237601e+01 3.7918096954e+00 -1.2410067916e+01 3.7918096954e+00 1.2410067916e+01 1.0000000000e+00 1.9352242987e+01 1.5898232556e+01 -1.1034287935e+01 1.4333900434e+01 5.7018134499e-01 8.2151885786e-01
-1.0216204337e-04 1.1742730321e-04 -9.7944881893e+00 7.1683600102e+00 -3.0626439958e+01 2.1897722244e+01 -7.5678082414e+00 -3.2853119906e+01 -4.7065417658e-04 3.2853119906e+01 1.0000000000e+00 1.8996714586e+01 1.8800754370e+01 2.7215437122e+00 2.1073681594e+01 -1.4326391545e-01 9.8968452071e-01
-2.3715763674e-04 8.4470200539e-05 -7.8574053907e+00 2.1262460696e+01 -2.0666762015e+01 3.8459593636e+01 7.9425730357e+00 -3.6466740441e+01 7.9425730357e+00 3.6466740441e+01 1.0000000000e+00 1.6324996270e+01 1.5303177307e+01 5.6849157883e+00 2.2761451630e+01 -3.4823381851e-01 9.3740770620e-01
-3.7815008921e-04 1.4253840274e-05 9.9974761233e+01 9.0314535944e+01 6.5071250467e+01 1.5929215957e+02 1.7449037706e+02 -9.4443653573e+00 1.7449037706e+02 9.4799726902e+00 1.0000000000e+00 4.7734504873e+00 3.5286262376e+00 3.2147513793e+00 2.3969935323e+01 -6.7346490507e-01 7.3921919729e-01
-1.1393980713e-04 1.1613119267e-04 -8.4667130512e+00 8.4181122723e+00 -3.0214580798e+01 2.3816058275e+01 -5.5904392682e+00 -3.3090854581e+01 3.1447517630e-03 3.3090854581e+01 1.0000000000e+00 1.9033485229e+01 1.8795664567e+01 2.9994255152e+00 2.1224047307e+01 -1.5758677295e-01 9.8750514378e-01
-3.5520237237e-04 3.2410741644e-05 5.9972779544e+01 5.3998500423e+01 2.8955034545e+01 9.7279268310e+01 1.0062811879e+02 -1.1700304701e+01 1.0062811879e+02 1.1700344522e+01 1.0000000000e+00 9.8482096277e+00 7.9388234231e+00 5.8277195821e+00 2.3939252405e+01 -5.9175421751e-01 8.0611844418e-01
1.4175700331e-04 1.5891258867e-04 -7.7323862861e-01 -2.5320861909e+00 -1.6791897111e+01 1.4546648865e+01 -3.8405623165e-01 -1.7181079508e+01 -3.8130269536e-02 1.7181079508e+01 1.0000000000e+00 2.5273227609e+01 2.5252922242e+01 1.0128929026e+00 1.8266600978e+01 -4.0077702709e-02 9.9919656612e-01
-3.4032937433e-04 4.2235116605e-05 4.5757225797e+01 3.9671945628e+01 1.3526728661e+01 7.4146256094e+01 7.2450338144e+01 -1.3166383686e+01 7.2450338144e+01 1.3166383775e+01 1.0000000000e+00 1.3605999655e+01 1.1787811433e+01 6.7949045779e+00 2.3715119922e+01 -4.9940502355e-01 8.6636864120e-01
2.9557973924e-05 1.3112495653e-04 -5.2157496711e+01 -1.0585238707e+01 -3.6687291587e+01 2.2644722042e+01 -3.1348457782e+01 -5.7496330516e+01 3.6400333468e-07 5.7496330510e+01 1.0000000000e+00 1.0651584674e+01 1.0488357873e+01 1.8575804708e+00 2.0103631270e+01 -1.7439475230e-01 9.8467581994e-01
1.5144489961e-04 1.6010991549e-04 -7.5855113034e-01 -2.3582736627e+00 -1.7309764738e+01 1.4912110442e+01 -4.2464695633e-01 -1.7643668912e+01 -1.1416072704e-01 1.7643668912e+01 1.0000000000e+00 2.5202884210e+01 2.5184269490e+01 9.6847444533e-01 1.8193664156e+01 -3.8427127517e-02 9.9926140517e-01
1.8590216324e-04 1.6023389381e-04 3.4995996309e+00 -5.4468993028e+00 -1.2088663303e+01 1.6468384183e+01 5.2134942052e+00 -1.3802557877e+01 5.2159921269e+00 1.3802557877e+01 1.0000000000e+00 3.1777995939e+01 3.1702573621e+01 -2.1881160119e+00 1.7385187396e+01 6.8856324865e-02 9.9762658672e-01
-3.2116131438e-04 5.0270983177e-05 3.3957939941e+01 2.7440787214e+01 -4.7496696757e+00 5.8230035463e+01 4.8223261782e+01 -1.9014991517e+01 4.8223261782e+01 1.9014991516e+01 1.0000000000e+00 1.0583951303e+01 1.0448475568e+01 1.6880116970e+00 2.2790513880e+01 -1.5948785560e-01 9.8719989056e-01
-7.7939695984e-05 1.2104466119e-04 -1.4921004241e+01 4.6617169105e+00 -3.1187425722e+01 1.6231108929e+01 -1.3683179872e+01 -3.2425250091e+01 1.5675360206e-05 3.2425250091e+01 1.0000000000e+00 1.8719624927e+01 1.8590612696e+01 2.1939637574e+00 2.0775921213e+01 -1.1720126691e-01 9.9310818295e-01
3.6569301546e-04 5.7443344742e-05 -6.0747219475e+00 -1.0669388330e+01 7.2372112034e+00 2.1778620079e+01 1.3155136793e+01 -1.1992647537e+01 1.3155136793e+01 1.1992647539e+01 0.0000000000e+00 nan nan nan nan nan nan
3.1620362689e-05 1.3169987356e-04 -5.3679932963e+01 -1.1342865828e+01 -3.7161890192e+01 2.4266714431e+01 -3.1410517469e+01 -5.9431305687e+01 -4.1996375618e-07 5.9431305707e+01 1.0000000000e+00 9.8036572975e+00 9.6044889842e+00 1.9660843724e+00 2.0171491849e+01 -2.0054601184e-01 9.7968428442e-01
-6.0926822251e-05 1.2278128531e-04 -1.9196611529e+01 2.8364937642e+00 -3.1584540963e+01 1.1794653199e+01 -1.8580930047e+01 -3.2200222445e+01 1.8083980802e-06 3.2200222445e+01 1.0000000000e+00 1.8231577281e+01 1.8141996541e+01 1.8050960271e+00 2.0536586346e+01 -9.9009317697e-02 9.9508650629e-01
1.2857552243e-04 1.5883072717e-04 -2.2064907604e+00 -3.4586912521e+00 -1.7105360676e+01 1.4225179489e+01 -1.4430145107e+00 -1.7868836925e+01 -1.0071941152e-04 1.7868836925e+01 1.0000000000e+00 2.5636512432e+01 2.5603465852e+01 1.3012709312e+00 1.8419125766e+01 -5.0758500583e-02 9.9871095649e-01
