x_m y_m von_mises_Pa wss_mag_dyn_cm2 is_surface
3.7276415753e-04 3.8318784911e-05 5.9808605613e+01 6.9833526201e+00 1.0000000000e+00
3.6583427517e-04 4.7373290551e-05 5.2227938266e+01 9.9316985258e+00 1.0000000000e+00
3.6230370161e-04 5.1666669122e-05 4.9267955500e+01 1.1950044177e+01 1.0000000000e+00
3.5142266699e-04 6.3692119382e-05 4.2430103256e+01 1.5996405253e+01 1.0000000000e+00
3.4769820944e-04 6.7433144637e-05 4.0649531489e+01 1.6997636641e+01 1.0000000000e+00
3.4010490007e-04 7.4539752138e-05 3.7639938849e+01 1.9937995719e+01 1.0000000000e+00
3.3623726441e-04 7.7912251189e-05 3.6367394431e+01 2.0895391566e+01 1.0000000000e+00
3.2435806132e-04 8.7340090653e-05 3.3305220078e+01 2.4602917672e+01 1.0000000000e+00
3.1207639964e-04 9.5777083487e-05 3.1175711462e+01 2.7253341056e+01 1.0000000000e+00
2.9509183647e-04 1.0554126323e-04 2.9538613409e+01 3.1489768242e+01 1.0000000000e+00
-1.5964712736e-04 1.0610656717e-04 4.2055363384e+01 2.7371437074e+01 1.0000000000e+00
-1.8121552238e-04 1.0097479224e-04 4.3559349565e+01 2.6675594511e+01 1.0000000000e+00
-2.0256303573e-04 9.5151905320e-05 4.5136943644e+01 2.5658605699e+01 1.0000000000e+00
-2.2101129277e-04 8.9484084293e-05 4.6027331920e+01 2.4646148672e+01 1.0000000000e+00
-2.4170717181e-04 8.2352681661e-05 5.2218095137e+01 2.3268687093e+01 1.0000000000e+00
-2.5199708883e-04 7.8506459144e-05 5.4948479150e+01 2.2276214472e+01 1.0000000000e+00
-2.5968545773e-04 7.5510103082e-05 5.7152315965e+01 2.1521453253e+01 1.0000000000e+00
-2.7245779311e-04 7.0337317143e-05 6.1705021668e+01 1.9734181988e+01 1.0000000000e+00
-2.8012128246e-04 6.7159428246e-05 6.5254363774e+01 1.8679234021e+01 1.0000000000e+00
-2.9040823606e-04 6.2919869015e-05 7.1688118419e+01 1.7502105143e+01 1.0000000000e+00
-3.1644251906e-04 5.5634285539e-05 8.5615693368e+01 2.1666925287e+01 1.0000000000e+00
-3.2242355425e-04 5.3876589716e-05 1.0356308053e+02 2.4813308980e+01 1.0000000000e+00
-3.2842716777e-04 5.1308928237e-05 1.1105577838e+02 2.3720179863e+01 1.0000000000e+00
-3.3439729646e-04 4.8310708180e-05 1.1822374456e+02 2.1404620924e+01 1.0000000000e+00
-3.4037002081e-04 4.4970523604e-05 1.2706147313e+02 1.9290514349e+01 1.0000000000e+00
-3.4636737879e-04 4.1319667898e-05 1.3793232782e+02 1.7281246346e+01 1.0000000000e+00
-3.5850891282e-04 3.3108494146e-05 1.6826281880e+02 1.4355174860e+01 1.0000000000e+00
-3.7096620778e-04 2.3596870322e-05 2.2041375005e+02 1.0364379194e+01 1.0000000000e+00
-3.8403735911e-04 1.2562843750e-05 3.2880941624e+02 6.1561821379e+00 1.0000000000e+00
3.8641548436e-04 1.3645275210e-05 9.8090151991e+01 1.3807153627e+00 1.0000000000e+00
-3.6586913110e-04 1.6324996714e-05 1.4640272810e+02 nan 0.0000000000e+00
-1.1420681008e-04 4.6503129023e-05 1.3000858801e+02 nan 0.0000000000e+00
-9.0613032900e-05 4.6274439501e-05 1.2882153361e+02 nan 0.0000000000e+00
-6.8181166465e-05 4.7809740405e-05 1.2449505500e+02 nan 0.0000000000e+00
-4.6314518584e-05 4.6070512548e-05 1.2657119147e+02 nan 0.0000000000e+00
-1.3845844495e-07 4.7742224978e-05 1.2169581106e+02 nan 0.0000000000e+00
1.1450253466e-04 7.8568445363e-05 6.1637349903e+01 nan 0.0000000000e+00
-9.1440728874e-05 7.8112514990e-05 7.7847274319e+01 nan 0.0000000000e+00
-1.3805231183e-04 7.7989182250e-05 7.7681207370e+01 nan 0.0000000000e+00
5.8511258504e-07 7.7477598644e-05 7.3762461457e+01 nan 0.0000000000e+00
-6.7113900175e-05 7.7657593297e-05 7.7620921826e+01 nan 0.0000000000e+00
-4.5625022444e-05 7.7443832096e-05 7.6819705371e+01 nan 0.0000000000e+00
4.5923457846e-05 4.6354185030e-05 1.2363991248e+02 nan 0.0000000000e+00
2.2130943993e-05 4.6169001125e-05 1.2430413635e+02 nan 0.0000000000e+00
4.6279494063e-05 7.8256331306e-05 6.9217745864e+01 nan 0.0000000000e+00
1.3816640741e-04 7.7945955788e-05 5.6876631918e+01 nan 0.0000000000e+00
2.7490639508e-04 7.8617388512e-05 2.1555753504e+01 nan 0.0000000000e+00
-2.9783047400e-04 1.6138629282e-05 1.8753241369e+02 nan 0.0000000000e+00
2.9684206230e-04 7.9521467259e-05 2.8438767513e+01 nan 0.0000000000e+00
-2.9655982720e-04 4.5985070409e-05 8.7299443317e+01 nan 0.0000000000e+00
-2.2933671028e-04 4.6157129107e-05 1.2865637923e+02 nan 0.0000000000e+00
2.5199418067e-04 1.6687694355e-05 9.2496133982e+01 nan 0.0000000000e+00
2.2907991602e-04 1.4668226840e-05 1.3907113055e+02 nan 0.0000000000e+00
6.9091180333e-05 7.7188683474e-05 6.8962518982e+01 nan 0.0000000000e+00
2.7377683777e-04 4.7568311442e-05 2.4435296284e+01 nan 0.0000000000e+00
2.9772930650e-04 4.7303950117e-05 2.6948099694e+01 nan 0.0000000000e+00
3.1894156032e-04 1.5615127740e-05 3.2885386623e+01 nan 0.0000000000e+00
2.0700532261e-04 1.5444437059e-05 1.7075910039e+02 nan 0.0000000000e+00
-6.7606212884e-05 1.0826627172e-04 4.5244991922e+01 nan 0.0000000000e+00
-4.6251149358e-05 1.0983126092e-04 4.3043337914e+01 nan 0.0000000000e+00
-3.4209078914e-04 1.5770716851e-05 9.2740252767e+01 nan 0.0000000000e+00
2.0624547410e-07 1.0793644058e-04 4.0379773205e+01 nan 0.0000000000e+00
2.2661809215e-05 1.0845715760e-04 3.6795097615e+01 nan 0.0000000000e+00
3.4354065505e-04 1.4853704920e-05 4.0927745685e+01 nan 0.0000000000e+00
2.2711630565e-04 7.8499651619e-05 1.7749830168e+01 nan 0.0000000000e+00
-2.5120570280e-04 4.5501996833e-05 1.2181699844e+02 nan 0.0000000000e+00
-3.1941696915e-04 1.4589637770e-05 1.5797627424e+02 nan 0.0000000000e+00
9.1061002759e-05 1.0887367255e-04 2.3717612940e+01 nan 0.0000000000e+00
1.1511818970e-04 1.0804194097e-04 2.1291160301e+01 nan 0.0000000000e+00
2.5077003004e-04 4.7390859045e-05 3.5022661169e+01 nan 0.0000000000e+00
-1.8187623279e-04 7.7607256889e-05 7.4026151835e+01 nan 0.0000000000e+00
3.1922086932e-04 7.5367199462e-05 3.3774334283e+01 nan 0.0000000000e+00
1.5966487294e-04 4.6846666676e-05 8.8105896036e+01 nan 0.0000000000e+00
1.3607083841e-04 4.6054052842e-05 1.0963727362e+02 nan 0.0000000000e+00
2.9871758624e-04 1.6510900262e-05 7.3221034832e+01 nan 0.0000000000e+00
2.5238274169e-04 1.1065747709e-04 2.4692041425e+01 nan 0.0000000000e+00
-1.8329868892e-04 1.4831056829e-05 2.1773412479e+02 nan 0.0000000000e+00
1.3835331600e-04 1.0878312780e-04 1.8007124732e+01 nan 0.0000000000e+00
-2.2915359685e-04 7.7691661232e-05 6.2384461028e+01 nan 0.0000000000e+00
-2.0568869071e-04 1.4964940576e-05 2.2421796218e+02 nan 0.0000000000e+00
9.1710255280e-05 4.5500464110e-05 1.2341738685e+02 nan 0.0000000000e+00
1.8267831109e-04 1.1007236083e-04 2.6144557338e+01 nan 0.0000000000e+00
1.6024514575e-04 1.0949768798e-04 2.4174258625e+01 nan 0.0000000000e+00
2.7534520267e-04 1.0936412512e-04 2.8863963525e+01 nan 0.0000000000e+00
-3.2150697909e-04 4.6007975639e-05 8.8469578262e+01 nan 0.0000000000e+00
3.2110672071e-04 4.5784801994e-05 3.3935060366e+01 nan 0.0000000000e+00
1.8255479940e-04 1.6298619218e-05 1.8636388397e+02 nan 0.0000000000e+00
2.2917410618e-04 4.7453200100e-05 4.6059814574e+01 nan 0.0000000000e+00
1.6145540008e-04 1.5707753389e-05 1.9211191225e+02 nan 0.0000000000e+00
-1.6076372649e-04 1.4746684078e-05 2.1193132244e+02 nan 0.0000000000e+00
-1.3807449860e-04 1.4693176376e-05 2.0701990018e+02 nan 0.0000000000e+00
-1.1528823875e-04 1.4661702003e-05 2.0299821620e+02 nan 0.0000000000e+00
1.3682168973e-04 1.6834003631e-05 1.9219702668e+02 nan 0.0000000000e+00
1.1457233531e-04 1.6539676331e-05 1.9490748899e+02 nan 0.0000000000e+00
1.6096235265e-04 7.6958398970e-05 4.4637672029e+01 nan 0.0000000000e+00
-9.2444243305e-05 1.4643802880e-05 1.9982559989e+02 nan 0.0000000000e+00
-2.2772133610e-04 1.5220447776e-05 2.3008758609e+02 nan 0.0000000000e+00
-6.7375360251e-05 1.6129886278e-05 1.9357584335e+02 nan 0.0000000000e+00
9.0701089538e-05 1.4834189056e-05 1.9925083373e+02 nan 0.0000000000e+00
-4.4578366908e-05 1.6126979624e-05 1.9207988113e+02 nan 0.0000000000e+00
6.7895227608e-05 1.4744716442e-05 1.9803672638e+02 nan 0.0000000000e+00
4.5023106218e-05 1.4693085934e-05 1.9661509250e+02 nan 0.0000000000e+00
-2.1769876052e-05 1.6130332499e-05 1.9131265990e+02 nan 0.0000000000e+00
2.2117356865e-05 1.4662822085e-05 1.9549000697e+02 nan 0.0000000000e+00
1.0442022466e-06 1.6142085393e-05 1.9124513063e+02 nan 0.0000000000e+00
2.7509468108e-04 1.6789367890e-05 7.3795617078e+01 nan 0.0000000000e+00
-1.6025449561e-04 4.7397216882e-05 1.3084763281e+02 nan 0.0000000000e+00
-1.1372820615e-04 1.0832142026e-04 4.4630542587e+01 nan 0.0000000000e+00
1.1459077582e-04 4.6415058660e-05 1.1745748287e+02 nan 0.0000000000e+00
-1.6029159750e-04 7.7522723892e-05 7.6848837163e+01 nan 0.0000000000e+00
-9.2671269234e-05 1.0918340144e-04 4.4600456669e+01 nan 0.0000000000e+00
2.0473770575e-04 4.6775001063e-05 5.9659535485e+01 nan 0.0000000000e+00
6.8165396752e-05 1.0878800450e-04 2.8192851148e+01 nan 0.0000000000e+00
1.8390438357e-04 7.8553272093e-05 3.1945001245e+01 nan 0.0000000000e+00
-2.5250989414e-04 1.5831458856e-05 2.2999599185e+02 nan 0.0000000000e+00
3.4276882303e-04 4.7375205317e-05 4.2792733241e+01 nan 0.0000000000e+00
2.0494513010e-04 1.0820476863e-04 9.0467354584e+00 nan 0.0000000000e+00
-2.7573438419e-04 1.5449604212e-05 2.1733153299e+02 nan 0.0000000000e+00
2.5257308143e-04 7.6398405965e-05 1.5958114531e+01 nan 0.0000000000e+00
-2.7345984389e-04 4.7503329804e-05 1.0258955949e+02 nan 0.0000000000e+00
-1.3748291024e-04 4.6857734918e-05 1.3084170337e+02 nan 0.0000000000e+00
2.0717452195e-04 7.8313416766e-05 2.5513302670e+01 nan 0.0000000000e+00
2.2813668903e-04 1.0700292465e-04 1.8470793679e+01 nan 0.0000000000e+00
2.2029717468e-05 7.7730557382e-05 7.1832400847e+01 nan 0.0000000000e+00
9.1677808584e-05 7.6528811843e-05 6.7883950171e+01 nan 0.0000000000e+00
-2.2413764336e-05 1.0773803736e-04 4.2986289726e+01 nan 0.0000000000e+00
3.6637115078e-04 1.6636335409e-05 5.5339993833e+01 nan 0.0000000000e+00
-2.0495950899e-04 7.6703748399e-05 7.0833377453e+01 nan 0.0000000000e+00
-2.4052205046e-05 7.7378733928e-05 7.5589422036e+01 nan 0.0000000000e+00
6.9493220954e-05 4.6684684090e-05 1.2242006278e+02 nan 0.0000000000e+00
4.4807878553e-05 1.0935526679e-04 3.2176979983e+01 nan 0.0000000000e+00
-1.1451132985e-04 7.6927784114e-05 7.9663774714e+01 nan 0.0000000000e+00
-2.2342174169e-05 4.6048691955e-05 1.2558967692e+02 nan 0.0000000000e+00
1.8278193179e-04 4.6703907287e-05 7.2365791526e+01 nan 0.0000000000e+00
-1.3660042091e-04 1.0844474360e-04 4.2733732731e+01 2.8063134705e+01 1.0000000000e+00
-1.8193391312e-04 4.6400894602e-05 1.3344455173e+02 nan 0.0000000000e+00
-2.0617149137e-04 4.5903843434e-05 1.3349607783e+02 nan 0.0000000000e+00
