x_m y_m sigma_comp_mag_Pa
3.8399241711e-04 3.5284303872e-05 1.1076705060e+01
3.7466256619e-04 5.2550033609e-05 1.1508981017e+01
3.7213655966e-04 5.6639531523e-05 1.1580624256e+01
3.6685587766e-04 6.4558611136e-05 1.1693970292e+01
3.6127964057e-04 7.2139492389e-05 1.1779704935e+01
3.5542153840e-04 7.9390749918e-05 1.1848888412e+01
3.5239139699e-04 8.2895170309e-05 1.1879867577e+01
3.4929643940e-04 8.6320027982e-05 1.1909297239e+01
3.4613856315e-04 8.9666173123e-05 1.1937701749e+01
3.4291962679e-04 9.2934524203e-05 1.1965302461e+01
3.3964163038e-04 9.6125842416e-05 1.1993486668e+01
3.3630637579e-04 9.9241029789e-05 1.2021244522e+01
3.3291568245e-04 1.0228088101e-04 1.2049479657e+01
3.2947140508e-04 1.0524615257e-04 1.2078461370e+01
3.2242904120e-04 1.1095614109e-04 1.2138564632e+01
3.1150603790e-04 1.1898087597e-04 1.2235144869e+01
3.0018931010e-04 1.2637429698e-04 1.2340152194e+01
2.8851723159e-04 1.3315404117e-04 1.2452559645e+01
2.7652399746e-04 1.3933559841e-04 1.2570439167e+01
2.6423954000e-04 1.4493186335e-04 1.2690825581e+01
2.4745121536e-04 1.5149882931e-04 1.2854430747e+01
2.3024072901e-04 1.5705163184e-04 1.3012582710e+01
8.8663538123e-05 1.5682140798e-04 1.7952010141e+01
7.3791550866e-05 1.5142565834e-04 1.7829660678e+01
6.7065202486e-05 1.4709677554e-04 1.7081671095e+01
3.9217563443e-05 1.3534660766e-04 6.7676439068e+01
2.0705951083e-05 1.3304300769e-04 5.0614956240e+01
1.8318626915e-05 1.3279586671e-04 4.9631305538e+01
1.5475248684e-06 1.3138708788e-04 4.5746347167e+01
-8.7478709341e-07 1.3121007705e-04 4.4427156251e+01
-1.5579839262e-05 1.3016601741e-04 3.6915106306e+01
-1.8057866986e-05 1.2998993053e-04 3.5741624679e+01
-3.3076746655e-05 1.2888034741e-04 3.2052927864e+01
-3.5603700145e-05 1.2868325779e-04 3.2059582900e+01
-5.0893593170e-05 1.2740073400e-04 3.2168310948e+01
-5.3461718547e-05 1.2716797572e-04 3.2190329015e+01
-6.8974108305e-05 1.2563778499e-04 3.2357025391e+01
-7.1575218921e-05 1.2535873406e-04 3.2389885546e+01
-8.4638182682e-05 1.2385067020e-04 3.2567637907e+01
-8.7261113179e-05 1.2352546897e-04 3.2606962213e+01
-1.0041860778e-04 1.2177421490e-04 3.2818433084e+01
-1.0569864244e-04 1.2101302833e-04 3.2910924983e+01
-1.1893043861e-04 1.1895067577e-04 3.3159619568e+01
-1.2158101059e-04 1.1851007075e-04 3.3212987509e+01
-1.3484670177e-04 1.1616123155e-04 3.3495187352e+01
-1.4015618569e-04 1.1515199284e-04 3.3615000767e+01
-1.5077419526e-04 1.1301030393e-04 3.3869317542e+01
-1.5608042678e-04 1.1187657574e-04 3.4003177868e+01
-1.6668145526e-04 1.0948024949e-04 3.4284188732e+01
-1.7197397125e-04 1.0821645339e-04 3.4431207057e+01
-1.7725959258e-04 1.0690813100e-04 3.4583215043e+01
-1.8253721063e-04 1.0555470772e-04 3.4740398390e+01
-1.8780570639e-04 1.0415560417e-04 3.4900824277e+01
-1.9306394760e-04 1.0271034304e-04 3.5062978802e+01
-1.9831066163e-04 1.0121845288e-04 3.5228314509e+01
-2.0354466646e-04 9.9679477489e-05 3.5396146497e+01
-2.0876470758e-04 9.8093037785e-05 3.5564327004e+01
-2.1136907311e-04 9.7281905296e-05 3.5647847668e+01
-2.1915775387e-04 9.4776513347e-05 3.5893168461e+01
-2.2690587976e-04 9.2162828009e-05 3.6117305138e+01
-2.3460753946e-04 8.9441237071e-05 3.6276560357e+01
-2.3971061752e-04 8.7567554925e-05 3.6329770400e+01
-2.4729555897e-04 8.4668291960e-05 3.7412816494e+01
-2.4980789011e-04 8.3678159699e-05 3.7838271869e+01
-2.5482413145e-04 8.1659258566e-05 3.8260046132e+01
-2.6232507654e-04 7.8537871454e-05 3.8536676111e+01
-2.6481639679e-04 7.7474346743e-05 3.8638129774e+01
-2.6730282251e-04 7.6400021070e-05 3.8743790738e+01
-2.6978425772e-04 7.5315443676e-05 3.8851107177e+01
-2.7473243476e-04 7.3117961416e-05 3.9071466837e+01
-2.7966228850e-04 7.0887732787e-05 3.9285916809e+01
-2.8457702198e-04 6.8633085874e-05 3.9479891651e+01
-2.8948219895e-04 6.6365655886e-05 3.9639352910e+01
-2.9438698434e-04 6.4102463315e-05 3.9718015378e+01
-2.9930572859e-04 6.1869009014e-05 3.9663897931e+01
-3.0177747393e-04 6.0775244620e-05 3.9495723562e+01
-3.0929262096e-04 5.7685290072e-05 3.8367309136e+01
-3.2008984499e-04 5.5184420474e-05 1.6468817589e+01
-3.2502662691e-04 5.4452310256e-05 1.4173252600e+01
-3.3055479297e-04 5.2435928614e-05 1.1826474759e+01
-3.3598679826e-04 4.9844783280e-05 1.2351203496e+01
-3.4137612194e-04 4.6884661364e-05 1.1987440034e+01
-3.4675205667e-04 4.3617819348e-05 1.1717095468e+01
-3.5754579242e-04 3.6246681222e-05 1.0972047910e+01
-3.6852091748e-04 2.7736604239e-05 1.0108154532e+01
-3.7985342142e-04 1.7894386800e-05 9.0702134346e+00
6.2692464747e-05 1.3932013759e-04 7.0188867078e+01
8.4450138049e-05 1.5246154895e-04 1.9179162194e+01
1.8329755983e-04 1.6364292713e-04 1.3602315320e+01
3.0466514941e-04 1.1929950940e-04 1.2495670976e+01
3.6036622535e-04 6.8161269855e-05 1.1964929973e+01
7.1249995834e-05 1.4592029266e-04 2.3372527591e+01
2.0114136162e-04 1.6042795768e-04 1.3486767859e+01
3.7083778980e-04 5.2789318812e-05 1.1755030378e+01
-3.5413726625e-04 3.5832348854e-05 1.1558941242e+01
2.3180415202e-04 1.5284485854e-04 1.3207945677e+01
2.8908183657e-04 1.2910914545e-04 1.2624914412e+01
3.6259817791e-05 1.3257925521e-04 5.9364080649e+01
1.0654929799e-04 1.5812663630e-04 1.8279871580e+01
2.1023625032e-04 1.5917089259e-04 1.3366947993e+01
2.6880279550e-04 1.3994668516e-04 1.2794346810e+01
2.9678507818e-04 1.2467972301e-04 1.2549502626e+01
3.9067901808e-04 1.2600365127e-05 9.2724976968e+00
-2.0138993382e-04 4.0421387655e-05 4.1774638987e+01
-1.7940006500e-04 4.1483824798e-05 4.2866388183e+01
1.1312713767e-04 6.6431934748e-05 2.2895314423e+01
1.3483324576e-04 6.8752718899e-05 2.0502179983e+01
-1.5615905730e-04 4.0970643588e-05 4.3948936624e+01
2.7006982924e-04 6.7168370577e-05 1.5222951788e+01
1.7906082055e-04 1.2283927044e-04 1.5587197110e+01
1.5657821535e-04 1.2171885338e-04 1.6983676172e+01
6.7126610530e-05 9.4640016075e-05 2.2338083709e+01
-2.0234066037e-04 6.7647500684e-05 3.7891485803e+01
-2.2328374356e-04 4.1568160447e-05 3.9730462089e+01
2.4491216135e-04 4.1493130665e-05 1.7028369133e+01
2.2491631212e-04 3.9037402777e-05 1.7399269438e+01
2.9011794454e-04 9.6766721109e-05 1.3883267205e+01
2.0146979093e-04 9.3721375373e-05 1.5884590540e+01
3.3538558051e-04 6.7322621949e-05 1.3316706640e+01
2.3690600588e-05 6.8165701943e-05 2.7685529590e+01
-3.1411406946e-04 1.5119885693e-05 1.7053927959e+01
1.7873946872e-04 9.3854849582e-05 1.6988595207e+01
-1.5675873905e-04 9.4338289851e-05 3.5017734413e+01
6.8129462706e-05 1.2269333907e-04 2.0963966283e+01
1.5778177489e-04 1.4830512188e-04 1.5446277991e+01
4.5489013528e-05 6.7057879481e-05 2.2657729284e+01
2.6698977421e-04 9.5598945267e-05 1.4459697379e+01
2.9203434150e-04 3.8782189415e-05 1.5791200326e+01
1.5668459213e-04 9.3559030998e-05 1.7020062290e+01
-2.4601366981e-04 6.8364674574e-05 3.7169751807e+01
8.8883796315e-05 4.0929664383e-05 2.2794922694e+01
1.1326039764e-04 4.1631205780e-05 2.2886798963e+01
2.2336346490e-04 6.7697266597e-05 1.6297641757e+01
1.8025543333e-04 1.3542788972e-05 2.0292511008e+01
1.5725128588e-04 1.4336279454e-05 2.1700364499e+01
1.3371639621e-04 1.3351362700e-05 2.2987669558e+01
2.9056442630e-04 1.5062069721e-05 1.7107065985e+01
2.7069061106e-04 1.4430924455e-05 1.9163245730e+01
2.7053536463e-04 1.2230516915e-04 1.3514982313e+01
-7.8368295318e-07 1.3552098705e-05 4.4047767761e+01
-2.3720816500e-05 1.3443735327e-05 4.7737590223e+01
2.0022077364e-04 1.4820123620e-04 1.4188193117e+01
1.8086224540e-04 1.4945598546e-04 1.4554542685e+01
3.1242296640e-04 9.3781987774e-05 1.3266925698e+01
-1.8017980777e-04 9.4578345615e-05 3.5264434642e+01
2.2310195581e-05 1.2185922695e-04 4.1011701195e+01
-1.1150527938e-04 9.5762121223e-05 3.4619401706e+01
4.5831658348e-07 9.5370072907e-05 3.6597514920e+01
-2.1991378422e-05 9.3780212459e-05 3.7069592035e+01
3.1436366046e-04 1.3179013120e-05 1.6582084453e+01
2.2486385241e-04 9.6562896583e-05 1.5119949975e+01
-2.6859631229e-04 4.1150175411e-05 3.0476313517e+01
-3.3647350761e-04 3.8839736641e-05 1.5493902450e+01
2.2345168713e-04 1.4743909775e-04 1.3692577706e+01
3.5815821090e-04 1.1803097783e-05 1.1867605594e+01
1.1196506033e-04 1.2259619065e-04 1.7003477467e+01
1.3525196849e-04 1.4908496130e-04 1.7174150842e+01
-1.8021296131e-04 6.7751300156e-05 3.8276254576e+01
1.3263384237e-04 9.5231644076e-05 1.6902175920e+01
1.8135122504e-04 6.7550514999e-05 1.7040651795e+01
2.3588328666e-05 9.4307360412e-05 3.1915071833e+01
-4.4516656024e-05 4.2017421875e-05 4.4510014067e+01
-6.6963431381e-05 4.0260366746e-05 4.5636536366e+01
-8.9323866768e-05 4.1964780299e-05 4.5352942710e+01
-2.1913733418e-05 4.0608434107e-05 4.2711110767e+01
-6.6155448846e-05 9.4845701420e-05 3.5415652252e+01
2.2185439929e-05 4.1907346031e-05 3.2414467311e+01
-4.3429936600e-05 9.5041531783e-05 3.6199625425e+01
1.7963266323e-04 4.1072103392e-05 1.8005613104e+01
1.5703512580e-04 4.0354364046e-05 1.9795461297e+01
-2.4719839362e-04 1.4033968060e-05 3.7493544568e+01
3.5393389770e-04 7.0991917067e-05 1.2233551165e+01
-2.4150114410e-04 8.1392060977e-05 3.6999742245e+01
-1.1193784387e-04 4.0426341371e-05 4.5351778939e+01
1.1101481308e-04 1.5030065979e-04 1.7079859475e+01
-2.2345157284e-04 8.8774134881e-05 3.6169362430e+01
-2.6813945169e-04 1.2887038185e-05 2.8245413466e+01
2.4763998345e-04 9.4922002264e-05 1.4802621956e+01
8.9840981502e-05 1.2068568284e-04 2.2311450234e+01
3.1788327989e-04 1.0619204510e-04 1.2543721910e+01
2.8963168119e-04 1.2273066500e-04 1.2895543734e+01
-1.1272720338e-04 1.1427802127e-04 3.3070173275e+01
-1.6781983255e-04 1.0369623669e-04 3.4519379221e+01
-1.4191720943e-04 1.1030151263e-04 3.3750743945e+01
-2.5292173383e-04 7.7733072476e-05 3.7635613613e+01
-2.5533435090e-04 7.6131697602e-05 3.7643450941e+01
-1.6322339414e-04 1.0582394744e-04 3.4336014753e+01
-2.9066093278e-04 6.0835340659e-05 3.6232524114e+01
-1.7067061640e-04 1.0421826887e-04 3.4548438912e+01
3.2121846981e-04 1.0323570584e-04 1.2530376495e+01
3.4438531564e-04 8.0888092823e-05 1.2372212242e+01
-1.2516587558e-04 1.1284036058e-04 3.3346645802e+01
-3.1201073750e-04 5.2482452511e-05 1.8386075932e+01
-3.0639555322e-04 5.4052367284e-05 2.7686894004e+01
-3.0366663803e-04 5.5034721084e-05 3.0116563454e+01
-3.0098340703e-04 5.6069495082e-05 3.2024789499e+01
-2.3914758368e-04 8.3505136550e-05 3.6707043459e+01
-2.8564021321e-04 6.3472023018e-05 3.7219490165e+01
-2.8315840312e-04 6.4800797173e-05 3.7540470089e+01
-2.6202440150e-04 7.3856618843e-05 3.7830866791e+01
-2.9599880903e-04 5.8690160409e-05 3.5021139300e+01
-2.4638130074e-04 8.0516014696e-05 3.7383073589e+01
3.0778431834e-04 1.1543439102e-04 1.2547364039e+01
-3.1327928120e-04 4.1381187074e-05 1.7211536074e+01
-3.3067492194e-04 4.6472674772e-05 1.5445898331e+01
-3.2483317803e-04 4.8541410464e-05 1.6784077735e+01
5.0461480056e-05 1.3314888967e-04 6.1018252452e+01
3.8117290910e-04 1.2712051915e-05 8.4930046529e+00
2.0243569611e-04 4.1678388772e-05 1.7377069213e+01
-1.4896059304e-04 1.0837075504e-04 3.3958531726e+01
-1.8676125364e-04 9.9970212935e-05 3.5046318929e+01
-3.5696377762e-04 1.3529828080e-05 1.5418180152e+01
3.3573325154e-04 4.0475049860e-05 1.4223845724e+01
-1.1804561806e-04 1.1480739261e-04 3.3158840531e+01
-1.0579489451e-04 1.1624518522e-04 3.2894949710e+01
-1.0843341213e-04 1.1646317069e-04 3.2942236119e+01
5.4171337198e-05 1.3540004670e-04 6.7358726884e+01
9.1168576287e-05 1.4923288258e-04 1.9775783242e+01
-3.6501262306e-04 2.5339108949e-05 1.0980703905e+01
-3.5061548258e-04 3.5358226786e-05 1.2158126920e+01
-3.4465549311e-04 3.8785197743e-05 1.2791125110e+01
-3.7680326446e-04 1.2878860962e-05 1.0081086581e+01
-3.6777548482e-04 2.0808538654e-05 1.1132760900e+01
-1.8186992218e-04 1.0147610116e-04 3.4885115708e+01
3.8191965498e-04 3.1210510310e-05 1.1162640587e+01
-2.8816873953e-04 6.2198578944e-05 3.6827788517e+01
-2.6921062159e-04 6.8735841135e-05 3.7490080956e+01
-2.7113830940e-04 6.9792164475e-05 3.7854936468e+01
-2.7360201990e-04 6.8418752343e-05 3.7747099800e+01
-2.4664807330e-04 3.9709076676e-05 3.6406719485e+01
-2.9171572448e-04 4.1320835954e-05 1.6859427961e+01
3.4167277887e-04 8.8459044432e-05 1.2209085766e+01
3.4857659391e-04 8.1859281721e-05 1.2119778010e+01
3.3497337016e-04 1.4612064725e-05 1.5510274952e+01
3.3178284304e-04 9.8029019745e-05 1.2284239778e+01
3.3483346781e-04 9.1289075162e-05 1.2423197690e+01
-9.0972423140e-05 1.1760096256e-04 3.2605610094e+01
3.1275413393e-04 6.7328164179e-05 1.4194437877e+01
2.8955443740e-04 6.7106645923e-05 1.4833248982e+01
2.0173949835e-04 1.2286667498e-04 1.4939043220e+01
-2.3470512214e-04 8.4283532841e-05 3.6516069963e+01
2.5432573288e-04 1.4426940308e-04 1.3026721332e+01
-2.0296190298e-04 1.3589659360e-05 4.6072545803e+01
-2.0021098964e-04 9.5153126259e-05 3.5520662351e+01
-1.9132423017e-04 9.7889817436e-05 3.5231181960e+01
-1.3485131139e-04 1.1151054559e-04 3.3573838208e+01
-1.3221337681e-04 1.1120122496e-04 3.3533145635e+01
-1.1185668255e-04 1.3362028809e-05 5.1047999972e+01
8.9124625477e-05 1.4326509126e-05 2.2922212344e+01
-2.2357856751e-04 6.8302955822e-05 3.7427736741e+01
4.4092931799e-05 4.1222295685e-05 2.4663497247e+01
-6.5891234517e-05 1.3356562577e-05 5.0890498915e+01
-4.4866058112e-05 1.4901772726e-05 4.9541669538e+01
4.4663625943e-05 1.3917822550e-05 3.2635321560e+01
-1.5614132875e-04 1.0705351650e-04 3.4149090731e+01
2.4733768240e-04 1.2050045686e-04 1.4150642989e+01
-2.2531991738e-04 1.3746058792e-05 4.2878718872e+01
1.2731534172e-05 1.2864590116e-04 4.5931074769e+01
8.7073974066e-06 1.2781801795e-04 4.4204092383e+01
2.4023799307e-05 1.2899046851e-04 4.8361814614e+01
-1.3336103009e-04 6.7395427030e-05 3.9117473931e+01
-9.2631960407e-07 1.2253479721e-04 3.8046807568e+01
-1.6448222248e-06 1.2686252090e-04 3.9761008909e+01
-4.1078041113e-06 1.2657323593e-04 3.8653175782e+01
-9.0649631699e-06 1.2604616191e-04 3.6516321046e+01
-2.1711063076e-05 1.2502072652e-04 3.3062087795e+01
-2.2716533539e-05 1.2276568045e-04 3.3282664664e+01
-1.4494511884e-04 1.1007083130e-04 3.3819124738e+01
-3.4359565178e-05 1.2427979933e-04 3.2063863019e+01
-4.5931187284e-05 1.2168047493e-04 3.2107413787e+01
-6.4187135497e-05 1.2152511109e-04 3.2147192217e+01
-1.9580417822e-04 9.6719625637e-05 3.5367333084e+01
1.1230272290e-04 9.4247754395e-05 2.2923002496e+01
6.5913199464e-05 4.0797199798e-05 2.2724632161e+01
-8.4304036387e-05 1.1959914017e-04 3.2464398430e+01
-8.1599919883e-05 1.1957166866e-04 3.2418728944e+01
-1.2804920593e-04 1.1312676947e-04 3.3394578267e+01
1.5600766563e-04 6.7927210331e-05 1.7400172071e+01
6.0126613874e-07 6.8078370412e-05 3.5840681235e+01
-2.2834934711e-05 6.8806081910e-05 3.9174372988e+01
-4.4602094660e-05 6.8302061065e-05 4.0166427867e+01
2.6884603557e-04 4.2183702547e-05 1.6216363641e+01
-1.1181795249e-04 6.6829376920e-05 3.9639708623e+01
-1.7490955243e-04 1.0247901017e-04 3.4708338422e+01
-2.1860388727e-04 8.9625276019e-05 3.6068320064e+01
-2.1663174236e-04 9.1472671175e-05 3.5959318454e+01
-2.1413278458e-04 9.1080688044e-05 3.5937482261e+01
-2.0949786828e-04 9.2658340921e-05 3.5792877637e+01
-2.0731730385e-04 9.4435010686e-05 3.5675313489e+01
-1.5748800798e-04 6.8357420661e-05 3.8540459669e+01
3.5814289194e-04 3.9179797411e-05 1.2841607175e+01
2.2035020302e-05 1.3712838795e-05 3.8824753348e+01
6.7038467051e-05 1.4138941989e-05 2.6760991201e+01
-8.8890414056e-05 1.3349936375e-05 5.1256142108e+01
-1.3477228218e-04 1.3389094697e-05 5.0436758189e+01
4.5105774937e-05 1.2123608726e-04 3.7272433790e+01
-8.8913837637e-05 9.5103957778e-05 3.4879117750e+01
1.1143257867e-04 1.4616673644e-05 2.2917854086e+01
3.1243739195e-04 4.1482655304e-05 1.5081422131e+01
-1.3562771066e-04 9.4905960357e-05 3.4789026919e+01
4.3823534305e-05 9.4512064601e-05 2.2217579391e+01
2.2452887533e-04 1.2201705815e-04 1.4549147855e+01
2.4711798198e-04 6.9627786615e-05 1.5544273822e+01
-1.5761602097e-04 1.3431694793e-05 4.9477379984e+01
-2.9116445578e-04 1.4382404520e-05 1.7055432971e+01
-3.3668363643e-04 1.3375396950e-05 1.6999667182e+01
2.4639928550e-04 1.3074721323e-05 1.9920004818e+01
8.9948819901e-05 6.6387046833e-05 2.2762314695e+01
2.0041879019e-04 6.8874220069e-05 1.6994386982e+01
2.2305491620e-04 1.4097423692e-05 1.9492696238e+01
2.0328531836e-04 1.2725806724e-05 1.9706674984e+01
9.0056010279e-05 9.4865187527e-05 2.2614318002e+01
-1.3559630308e-06 4.1059934313e-05 3.9125061928e+01
-9.6233345909e-05 1.1778640068e-04 3.2694440087e+01
-8.8281829904e-05 6.8290008011e-05 3.9810654740e+01
-6.6457697716e-05 6.8162273506e-05 4.0191080393e+01
1.3528026032e-04 1.2341272388e-04 1.7063051133e+01
-2.2828513132e-04 8.7271627581e-05 3.6289428180e+01
-1.3588366886e-04 4.0670670529e-05 4.4686506438e+01
-1.9130265247e-05 1.2767497753e-04 3.3485826221e+01
4.6330164023e-06 1.2723703520e-04 4.2375465434e+01
1.3447803552e-04 3.9684307790e-05 2.2998964266e+01
4.5542862962e-05 1.3368952119e-04 6.4537988238e+01
6.6077171641e-05 6.8510414612e-05 2.2643783262e+01
6.4704252998e-05 1.4040716008e-04 5.3362654329e+01
3.2221762783e-04 1.0696206105e-04 1.2325716435e+01
1.0305063148e-04 1.5675610950e-04 1.8501688287e+01
1.4180373107e-04 1.6393726919e-04 1.6361780588e+01
1.6010336366e-04 1.6512539747e-04 1.3815825411e+01
1.6951032586e-04 1.6411482966e-04 1.3792986277e+01
-1.8033304470e-04 1.3494523114e-05 4.8102874528e+01
1.7879515145e-04 1.6418501097e-04 1.3636315272e+01
2.6493623485e-04 1.3920270484e-04 1.2952127822e+01
2.2308360945e-04 1.5572405961e-04 1.3268535240e+01
2.3650772517e-04 1.5181190821e-04 1.3139515435e+01
-2.9841478797e-04 5.7337777016e-05 3.3711989946e+01
2.7302759461e-04 1.3716924467e-04 1.2792692380e+01
2.8149519927e-04 1.3332357635e-04 1.2692108257e+01
3.5475658891e-04 7.5159832719e-05 1.2038930827e+01
3.5760094686e-04 7.1662384536e-05 1.2004577255e+01
3.6327782066e-04 6.4580925332e-05 1.1908567138e+01
3.6843599295e-04 5.6769425971e-05 1.1812600379e+01
3.7341882755e-04 4.8860074527e-05 1.1665889609e+01
3.8874558856e-04 1.7328913844e-05 1.0045646615e+01
-2.0282007417e-04 9.5705991914e-05 3.5538617379e+01
3.7813827320e-04 4.0467648634e-05 1.1452572332e+01
-6.6867029102e-05 1.2140304775e-04 3.2181417314e+01
-3.7044973859e-05 1.2410405762e-04 3.2011185489e+01
1.8768864098e-04 1.6316253022e-04 1.3561434829e+01
5.8655713021e-05 1.3748135379e-04 7.1605221867e+01
2.8527221119e-04 1.3143892238e-04 1.2650713185e+01
3.1839595579e-04 1.0997319325e-04 1.2356202518e+01
-1.5980948022e-04 1.0907847738e-04 3.4150811083e+01
3.8474506450e-04 2.6442876210e-05 1.0876570451e+01
-2.5957611918e-04 7.4940851412e-05 3.7793356990e+01
3.5689684142e-04 6.7698179303e-05 1.2180597532e+01
3.2864891037e-04 1.0116240944e-04 1.2293646103e+01
-3.8746950303e-04 8.2979554428e-06 5.5509294163e+00
6.0654201683e-05 1.3840162054e-04 7.1862015103e+01
-1.9825482288e-04 9.6979529414e-05 3.5398079460e+01
-3.3592628115e-04 4.4415360748e-05 1.3699932217e+01
2.1447088718e-04 1.5826751946e-04 1.3324615612e+01
-1.5149950522e-04 1.0869916917e-04 3.3995497283e+01
-1.7729088768e-04 1.0267619685e-04 3.4743920438e+01
-2.3258397392e-04 8.5818045461e-05 3.6401335319e+01
2.9334745256e-04 1.2351177766e-04 1.2729199440e+01
2.6236233591e-05 1.2938096528e-04 4.9631140330e+01
-8.9628994350e-05 1.1938377746e-04 3.2561736983e+01
-1.9386437950e-04 9.8238667941e-05 3.5259097728e+01
1.9653094417e-04 1.6189804344e-04 1.3481476723e+01
-7.2112799573e-05 1.2114783837e-04 3.2259357045e+01
2.4557305881e-04 1.4595485479e-04 1.3192749602e+01
-1.3067253653e-04 1.1267476805e-04 3.3459444786e+01
2.7852721281e-04 1.3160533871e-04 1.2872449743e+01
1.2098707582e-04 1.5858767957e-04 1.7171107474e+01
-3.7821395308e-04 1.4272306456e-05 9.5087174051e+00
-3.5536568207e-04 3.2478200180e-05 1.1717930583e+01
-7.4789182446e-05 1.2096792010e-04 3.2301853474e+01
-3.4056956868e-04 4.2375407843e-05 1.3086425056e+01
-5.5129622491e-05 1.2308215708e-04 3.2032430278e+01
3.0879733696e-05 1.3025794087e-04 5.2702843805e+01
-3.2098870502e-04 5.0843961633e-05 1.8331092156e+01
1.3120001148e-04 1.6039738144e-04 1.7613293905e+01
3.7524245233e-04 4.1415362515e-05 1.1644002456e+01
3.6556839225e-04 5.7535388145e-05 1.1975997725e+01
3.2988532476e-05 1.3076433626e-04 5.4395567026e+01
1.2416177802e-04 1.5981646826e-04 1.7388386588e+01
