x_m y_m wss_mag_dyn_cm2 wss_x_dyn_cm2 wss_y_dyn_cm2 pressure_Pa normal_x normal_y
-3.9839866896e-04 1.1874172070e-06 4.9669182468e-01 3.9897174634e-01 2.9584508502e-01 2.3669652224e+01 -5.9563107406e-01 8.0325813012e-01
-3.9526676285e-04 3.6524174386e-06 1.1480496742e+00 8.8136011034e-01 7.3567819760e-01 2.3762395174e+01 -6.4080693902e-01 7.6770206910e-01
-3.9225784042e-04 6.2678489953e-06 1.7805360114e+00 1.3201995650e+00 1.1947307631e+00 2.3831057645e+01 -6.7099500121e-01 7.4146187249e-01
-3.8933114300e-04 8.9760596487e-06 2.4617489982e+00 1.7881972162e+00 1.6919098221e+00 2.3889741450e+01 -6.8727958185e-01 7.2639299031e-01
-3.8644045968e-04 1.1723134809e-05 3.2022445953e+00 2.3164091830e+00 2.2110221494e+00 2.3936128842e+01 -6.9046010809e-01 7.2337047157e-01
-3.8354496338e-04 1.4465115170e-05 3.9540716379e+00 2.8817445564e+00 2.7074399032e+00 2.3969763721e+01 -6.8472201598e-01 7.2880433645e-01
-3.8062411348e-04 1.7180020765e-05 4.7043017055e+00 3.4627862896e+00 3.1842684637e+00 2.3993182078e+01 -6.7688440560e-01 7.3608932980e-01
-3.7767240545e-04 1.9861311138e-05 5.4491907353e+00 4.0557379384e+00 3.6393226628e+00 2.4008677323e+01 -6.6786479675e-01 7.4428261653e-01
-3.7468639217e-04 2.2504307433e-05 6.1824961559e+00 4.6572542857e+00 4.0661088568e+00 2.4017072946e+01 -6.5768077396e-01 7.5329675398e-01
-3.7166336884e-04 2.5104861226e-05 6.9045900186e+00 5.2671395991e+00 4.4643704784e+00 2.4018480202e+01 -6.4658009619e-01 7.6284610454e-01
-3.6860196454e-04 2.7660105526e-05 7.6187593524e+00 5.8858502865e+00 4.8375882911e+00 2.4014469730e+01 -6.3495748682e-01 7.7254707942e-01
-3.6550159202e-04 3.0167908604e-05 8.3257544306e+00 6.5139948801e+00 5.1851767126e+00 2.4004666215e+01 -6.2278761112e-01 7.8239094540e-01
-3.6236161523e-04 3.2625921998e-05 9.0371192923e+00 7.1611143021e+00 5.5125281909e+00 2.3989188182e+01 -6.0998732147e-01 7.9241117335e-01
-3.5918135170e-04 3.5031560752e-05 9.7459801846e+00 7.8220987880e+00 5.8136821645e+00 2.3968760569e+01 -5.9652103271e-01 8.0259744426e-01
-3.5596005373e-04 3.7381938134e-05 1.0453575180e+01 8.4986851490e+00 6.0868370096e+00 2.3942841783e+01 -5.8227323234e-01 8.1299316288e-01
-3.5269653794e-04 3.9673287515e-05 1.1176511080e+01 9.2069184030e+00 6.3361702501e+00 2.3910238156e+01 -5.6691844215e-01 8.2377392526e-01
-3.4938891831e-04 4.1900426385e-05 1.1906528359e+01 9.9433448273e+00 6.5494512150e+00 2.3872002464e+01 -5.5007228113e-01 8.3511704900e-01
-3.4603459470e-04 4.4056475519e-05 1.2655745187e+01 1.0721993917e+01 6.7235952207e+00 2.3823329802e+01 -5.3126822018e-01 8.4720368167e-01
-3.4263069856e-04 4.6133246004e-05 1.3429850329e+01 1.1549498976e+01 6.8534628670e+00 2.3765319210e+01 -5.1031565499e-01 8.5998716983e-01
-3.3917321149e-04 4.8119238478e-05 1.4232451947e+01 1.2440563837e+01 6.9133971265e+00 2.3693062529e+01 -4.8574884723e-01 8.7409842547e-01
-3.3565403657e-04 4.9993078840e-05 1.5049915069e+01 1.3408859186e+01 6.8339182688e+00 2.3599144981e+01 -4.5408351060e-01 8.9095912667e-01
-3.3206691521e-04 5.1732881381e-05 1.5946126479e+01 1.4482292857e+01 6.6739900576e+00 2.3484939156e+01 -4.1853362109e-01 9.0820130368e-01
-3.2839850265e-04 5.3289436003e-05 1.6696835382e+01 1.5562467016e+01 6.0492918725e+00 2.3272879345e+01 -3.6230170173e-01 9.3206087619e-01
-3.2460230851e-04 5.4468561954e-05 1.5979703569e+01 1.5553292919e+01 3.6668795331e+00 2.2890711444e+01 -2.2947106104e-01 9.7331548439e-01
-3.2067744770e-04 5.5088471074e-05 1.2713044947e+01 1.2670518944e+01 1.0389713726e+00 2.2642039465e+01 -8.1724824925e-02 9.9665493175e-01
-3.1672535307e-04 5.5567090870e-05 9.3979960788e+00 9.2790627432e+00 1.4904109850e+00 2.2783617973e+01 -1.5858816843e-01 9.8734481962e-01
-3.1285842228e-04 5.6481823587e-05 8.6507836614e+00 8.2509540194e+00 2.5995799132e+00 2.3035315547e+01 -3.0050224523e-01 9.5378110728e-01
-3.0909143518e-04 5.7783528822e-05 9.2583168255e+00 8.6641925238e+00 3.2631577270e+00 2.3165564347e+01 -3.5245690858e-01 9.3582804382e-01
-3.0538354182e-04 5.9249286828e-05 9.8748689447e+00 9.1231361917e+00 3.7790769645e+00 2.3224139474e+01 -3.8269641710e-01 9.2387415395e-01
-3.0171446262e-04 6.0810864613e-05 1.0455117203e+01 9.5800322511e+00 4.1871777831e+00 2.3257806326e+01 -4.0049075510e-01 9.1630079945e-01
-2.9806987951e-04 6.2429184254e-05 1.0994726628e+01 1.0022456783e+01 4.5204395411e+00 2.3271769370e+01 -4.1114615162e-01 9.1156943894e-01
-2.9444004934e-04 6.4080483166e-05 1.1498837961e+01 1.0451224109e+01 4.7953299243e+00 2.3273356886e+01 -4.1702735010e-01 9.0889393730e-01
-2.9081787038e-04 6.5748553909e-05 1.1971479534e+01 1.0866862426e+01 5.0227107471e+00 2.3265657760e+01 -4.1955639090e-01 9.0772927399e-01
-2.8719813890e-04 6.7421941848e-05 1.2413766851e+01 1.1267551260e+01 5.2099804252e+00 2.3250856623e+01 -4.1969375514e-01 9.0766577103e-01
-2.8357702822e-04 6.9092338362e-05 1.2828437436e+01 1.1653624115e+01 5.3630077428e+00 2.3230332888e+01 -4.1805619503e-01 9.0842116763e-01
-2.7995172492e-04 7.0753604511e-05 1.3216645703e+01 1.2024094662e+01 5.4864260854e+00 2.3205832470e+01 -4.1511486415e-01 9.0976900891e-01
-2.7632017058e-04 7.2401147790e-05 1.3581031685e+01 1.2379882409e+01 5.5841680828e+00 2.3177268641e+01 -4.1117407073e-01 9.1155684604e-01
-2.7268085598e-04 7.4031464931e-05 1.3921674529e+01 1.2719699101e+01 5.6588228875e+00 2.3145845236e+01 -4.0647573507e-01 9.1366157673e-01
-2.6903272248e-04 7.5641940774e-05 1.4241308876e+01 1.3044757877e+01 5.7139452594e+00 2.3112475180e+01 -4.0122332219e-01 9.1598026492e-01
-2.6537504225e-04 7.7230605884e-05 1.4544489298e+01 1.3358385458e+01 5.7528868327e+00 2.3076630824e+01 -3.9553721789e-01 9.1844994924e-01
-2.6170731934e-04 7.8795938781e-05 1.4829011449e+01 1.3657775921e+01 5.7762217253e+00 2.3039416455e+01 -3.8952169842e-01 9.2101728891e-01
-2.5802925310e-04 8.0336805545e-05 1.5097186005e+01 1.3944329466e+01 5.7862510327e+00 2.3000752828e+01 -3.8326685720e-01 9.2363765416e-01
-2.5434074447e-04 8.1852502749e-05 1.5351882083e+01 1.4219750895e+01 5.7861012757e+00 2.2960950543e+01 -3.7689849651e-01 9.2625456724e-01
-2.5064180678e-04 8.3342565013e-05 1.5596449472e+01 1.4487046857e+01 5.7770848632e+00 2.2920233455e+01 -3.7041025738e-01 9.2886825827e-01
-2.4693238218e-04 8.4806319863e-05 1.5832420500e+01 1.4748126241e+01 5.7583253876e+00 2.2878156475e+01 -3.6370467722e-01 9.3151430895e-01
-2.4321215039e-04 8.6242371755e-05 1.6054195513e+01 1.4999257711e+01 5.7235881838e+00 2.2834082464e+01 -3.5651666127e-01 9.3428896506e-01
-2.3948075293e-04 8.7649148384e-05 1.6251945514e+01 1.5229932105e+01 5.6722924001e+00 2.2788727631e+01 -3.4902236137e-01 9.3711439604e-01
-2.3573860641e-04 8.9027093207e-05 1.6429678205e+01 1.5438630052e+01 5.6198779379e+00 2.2744068430e+01 -3.4205648264e-01 9.3967939356e-01
-2.3198653143e-04 9.0377777743e-05 1.6599207085e+01 1.5638004501e+01 5.5665510927e+00 2.2699827804e+01 -3.3535042151e-01 9.4209346394e-01
-2.2822497831e-04 9.1701839763e-05 1.6763953009e+01 1.5832427497e+01 5.5103865623e+00 2.2655165414e+01 -3.2870448630e-01 9.4443282487e-01
-2.2445423007e-04 9.2999485490e-05 1.6922533339e+01 1.6020647154e+01 5.4507797026e+00 2.2610436744e+01 -3.2210187407e-01 9.4670501357e-01
-2.2067454325e-04 9.4270861818e-05 1.7074434289e+01 1.6202199269e+01 5.3874896895e+00 2.2565177153e+01 -3.1552961570e-01 9.4891572946e-01
-2.1688616150e-04 9.5516091715e-05 1.7219970063e+01 1.6377323173e+01 5.3207757556e+00 2.2519597342e+01 -3.0898867630e-01 9.5106571693e-01
-2.1308933287e-04 9.6735325402e-05 1.7358881551e+01 1.6545652721e+01 5.2509184637e+00 2.2473555362e+01 -3.0249175031e-01 9.5315200309e-01
-2.0928431043e-04 9.7928743714e-05 1.7491264873e+01 1.6707220246e+01 5.1781404477e+00 2.2427589339e+01 -2.9604150903e-01 9.5517507554e-01
-2.0547134092e-04 9.9096523958e-05 1.7618381684e+01 1.6863215970e+01 5.1028737326e+00 2.2381501945e+01 -2.8963351028e-01 9.5713762319e-01
-2.0165067230e-04 1.0023886518e-04 1.7739811559e+01 1.7013123823e+01 5.0253887329e+00 2.2333878889e+01 -2.8328309555e-01 9.5903633287e-01
-1.9782255350e-04 1.0135598800e-04 1.7854516198e+01 1.7155940895e+01 4.9454464588e+00 2.2287178727e+01 -2.7698574434e-01 9.6087402787e-01
-1.9398722608e-04 1.0244810767e-04 1.7963991512e+01 1.7293064911e+01 4.8636300248e+00 2.2240315406e+01 -2.7074328228e-01 9.6265158552e-01
-1.9014492938e-04 1.0351545154e-04 1.8067987530e+01 1.7424211389e+01 4.7800659879e+00 2.2192274102e+01 -2.6455995611e-01 9.6436923926e-01
-1.8629590048e-04 1.0455825945e-04 1.8166496862e+01 1.7549342887e+01 4.6949092102e+00 2.2145134698e+01 -2.5843778499e-01 9.6602790399e-01
-1.8244036698e-04 1.0557675723e-04 1.8261272834e+01 1.7670181104e+01 4.6085556612e+00 2.2097559013e+01 -2.5236771297e-01 9.6763140578e-01
-1.7857855072e-04 1.0657116970e-04 1.8350871145e+01 1.7785275665e+01 4.5208894347e+00 2.2048759646e+01 -2.4635830087e-01 9.6917882127e-01
-1.7471067452e-04 1.0754174672e-04 1.8434592395e+01 1.7893916047e+01 4.4319256869e+00 2.2000620866e+01 -2.4041354383e-01 9.7067055582e-01
-1.7083695617e-04 1.0848874028e-04 1.8513893401e+01 1.7997517929e+01 4.3420729208e+00 2.1952865025e+01 -2.3453051321e-01 9.7210875851e-01
-1.6695760466e-04 1.0941238901e-04 1.8588876376e+01 1.8096190728e+01 4.2513769609e+00 2.1903547759e+01 -2.2870542978e-01 9.7349567353e-01
-1.6307282572e-04 1.1031294026e-04 1.8658685592e+01 1.8189059376e+01 4.1598878643e+00 2.1854993255e+01 -2.2294645803e-01 9.7483069138e-01
-1.5918282123e-04 1.1119064708e-04 1.8723934746e+01 1.8276739330e+01 4.0677428425e+00 2.1806532481e+01 -2.1724829197e-01 9.7611637607e-01
-1.5528778417e-04 1.1204574630e-04 1.8784901348e+01 1.8359509756e+01 3.9750371321e+00 2.1757050206e+01 -2.1160809196e-01 9.7735460065e-01
-1.5138790538e-04 1.1287848785e-04 1.8841084641e+01 1.8436840974e+01 3.8819280459e+00 2.1707930456e+01 -2.0603527450e-01 9.7854456499e-01
-1.4748337144e-04 1.1368912451e-04 1.8892721818e+01 1.8508996084e+01 3.7884035741e+00 2.1658646095e+01 -2.0052185231e-01 9.7968922968e-01
-1.4357436167e-04 1.1447789812e-04 1.8939487096e+01 1.8575645492e+01 3.6945319064e+00 2.1609174563e+01 -1.9507032517e-01 9.8078925781e-01
-1.3966105107e-04 1.1524505215e-04 1.8981383339e+01 1.8636798242e+01 3.6003700868e+00 2.1559461988e+01 -1.8967901456e-01 9.8184615467e-01
-1.3574361220e-04 1.1599084175e-04 1.9018630761e+01 1.8692644554e+01 3.5061881887e+00 2.1509655464e+01 -1.8435544770e-01 9.8285963845e-01
-1.3182221359e-04 1.1671552537e-04 1.9050834309e+01 1.8742820613e+01 3.4118856023e+00 2.1459922940e+01 -1.7909376287e-01 9.8383201010e-01
-1.2789701703e-04 1.1741935007e-04 1.9077739389e+01 1.8787077793e+01 3.3175063221e+00 2.1409967828e+01 -1.7389410005e-01 9.8476435860e-01
-1.2396818250e-04 1.1810257819e-04 1.9099570539e+01 1.8825615643e+01 3.2233197884e+00 2.1359819104e+01 -1.6876399298e-01 9.8565648919e-01
-1.2003586704e-04 1.1876548127e-04 1.9116063749e+01 1.8858189636e+01 3.1293093389e+00 2.1309837767e+01 -1.6370050759e-01 9.8651008298e-01
-1.1610022179e-04 1.1940832308e-04 1.9126952832e+01 1.8884545829e+01 3.0354988796e+00 2.1259681584e+01 -1.5870269072e-01 9.8732641814e-01
-1.1216139489e-04 1.2003137676e-04 1.9132293866e+01 1.8904728688e+01 2.9420913982e+00 2.1209335587e+01 -1.5377619740e-01 9.8810570341e-01
-1.0821953227e-04 1.2063492989e-04 1.9131653394e+01 1.8918313528e+01 2.8491358044e+00 2.1159209525e+01 -1.4892261248e-01 9.8884885371e-01
-1.0427477594e-04 1.2121927476e-04 1.9124772324e+01 1.8925050634e+01 2.7566963865e+00 2.1108970446e+01 -1.4414270349e-01 9.8955691147e-01
-1.0032726448e-04 1.2178471159e-04 1.9111733877e+01 1.8925023048e+01 2.6649342243e+00 2.1058602087e+01 -1.3943968880e-01 9.9023056567e-01
-9.6377134013e-05 1.2233155614e-04 1.9092053721e+01 1.8917750104e+01 2.5739553730e+00 2.1008500019e+01 -1.3481815056e-01 9.9087035796e-01
-9.2424517866e-05 1.2286013876e-04 1.9065494081e+01 1.8903001453e+01 2.4838680699e+00 2.0958421838e+01 -1.3028081304e-01 9.9147713526e-01
-8.8469545749e-05 1.2337079911e-04 1.9031918007e+01 1.8880649796e+01 2.3947789621e+00 2.0908294321e+01 -1.2582961745e-01 9.9205186728e-01
-8.4512345284e-05 1.2386389909e-04 1.8990862251e+01 1.8850228073e+01 2.3068919901e+00 2.0858386428e+01 -1.2147378880e-01 9.9259463964e-01
-8.0553041663e-05 1.2433982188e-04 1.8941960642e+01 1.8811385935e+01 2.2202774993e+00 2.0808601494e+01 -1.1721476679e-01 9.9310658967e-01
-7.6591757057e-05 1.2479896961e-04 1.8884658571e+01 1.8763571871e+01 2.1351112285e+00 2.0758887874e+01 -1.1306062117e-01 9.9358809169e-01
-7.2628611266e-05 1.2524177057e-04 1.8819247353e+01 1.8707083717e+01 2.0516066248e+00 2.0709882100e+01 -1.0901640147e-01 9.9403995101e-01
-6.8663722039e-05 1.2566868506e-04 1.8745513719e+01 1.8641708326e+01 1.9700241754e+00 2.0660747102e+01 -1.0509310147e-01 9.9446238743e-01
-6.4697204536e-05 1.2608020268e-04 1.8661440441e+01 1.8565455157e+01 1.8903000136e+00 2.0611681362e+01 -1.0129443221e-01 9.9485649116e-01
-6.0729171333e-05 1.2647684595e-04 1.8567503818e+01 1.8478796961e+01 1.8128047070e+00 2.0563744022e+01 -9.7633194250e-02 9.9522246728e-01
-5.6759733334e-05 1.2685918229e-04 1.8464636308e+01 1.8382670769e+01 1.7378749610e+00 2.0515977831e+01 -9.4119100536e-02 9.9556094485e-01
-5.2789000099e-05 1.2722783213e-04 1.8350223284e+01 1.8274473041e+01 1.6656319104e+00 2.0468256730e+01 -9.0769026871e-02 9.9587197157e-01
-4.8817078929e-05 1.2758346308e-04 1.8224727809e+01 1.8154683473e+01 1.5962993820e+00 2.0421755371e+01 -8.7589751610e-02 9.9615663197e-01
-4.4844075105e-05 1.2792679719e-04 1.8087241393e+01 1.8022395734e+01 1.5302134548e+00 2.0375862260e+01 -8.4601815252e-02 9.9641483974e-01
-4.0870093868e-05 1.2825863629e-04 1.7935884408e+01 1.7875740702e+01 1.4675979893e+00 2.0330466417e+01 -8.1824679280e-02 9.9664673875e-01
-3.6895239069e-05 1.2857985236e-04 1.7772968493e+01 1.7717034458e+01 1.4089354394e+00 2.0286502204e+01 -7.9274063863e-02 9.9685285915e-01
-3.2919613849e-05 1.2889139851e-04 1.7595706334e+01 1.7543500368e+01 1.3544283771e+00 2.0243052111e+01 -7.6974936464e-02 9.9703302812e-01
-2.8943322845e-05 1.2919433920e-04 1.7404137107e+01 1.7355173666e+01 1.3045824964e+00 2.0200857373e+01 -7.4958183126e-02 9.9718667800e-01
-2.4966472871e-05 1.2948986226e-04 1.7198142492e+01 1.7151935541e+01 1.2598461698e+00 2.0160021060e+01 -7.3254781465e-02 9.9731325921e-01
-2.0989172791e-05 1.2977927426e-04 1.6973689486e+01 1.6929767141e+01 1.2202947572e+00 2.0120567460e+01 -7.1893312190e-02 9.9741232781e-01
-1.7011537463e-05 1.3006405026e-04 1.6732786746e+01 1.6690642167e+01 1.1868514481e+00 2.0083038306e+01 -7.0929694264e-02 9.9748131735e-01
-1.3033694578e-05 1.3034591860e-04 1.6474041174e+01 1.6433125728e+01 1.1603496953e+00 2.0047170003e+01 -7.0435036735e-02 9.9751636859e-01
-9.0557830004e-06 1.3062681809e-04 1.6195404122e+01 1.6155170706e+01 1.1408655248e+00 2.0013568272e+01 -7.0443782462e-02 9.9751575101e-01
-5.0779530281e-06 1.3090886770e-04 1.5895529179e+01 1.5855400455e+01 1.1287711481e+00 1.9982471803e+01 -7.1011863487e-02 9.9747547100e-01
-1.1003825150e-06 1.3119454136e-04 1.5571088921e+01 1.5530381914e+01 1.1251878863e+00 1.9954181229e+01 -7.2261348708e-02 9.9738573154e-01
2.8767056452e-06 1.3148682850e-04 1.5220715182e+01 1.5178611557e+01 1.1313363160e+00 1.9929239208e+01 -7.4328722564e-02 9.9723379455e-01
6.8530161071e-06 1.3178946220e-04 1.4834859838e+01 1.4790298897e+01 1.1489669118e+00 1.9908701513e+01 -7.7450473028e-02 9.9699620071e-01
1.0828077676e-05 1.3210796090e-04 1.4422032341e+01 1.4373124233e+01 1.1867251711e+00 1.9895689150e+01 -8.2285571344e-02 9.9660879223e-01
1.4800575524e-05 1.3245637365e-04 1.4045286338e+01 1.3985130017e+01 1.2985402238e+00 1.9893506805e+01 -9.2453809242e-02 9.9571697442e-01
1.8769415008e-05 1.3284430784e-04 1.3731325033e+01 1.3659557707e+01 1.4020593510e+00 1.9891324327e+01 -1.0210663193e-01 9.9477345950e-01
2.2735664188e-05 1.3325839490e-04 1.3369008982e+01 1.3294301754e+01 1.4113617658e+00 1.9881285467e+01 -1.0556966247e-01 9.9441190981e-01
2.6699604566e-05 1.3369380454e-04 1.2898876865e+01 1.2816551451e+01 1.4550028432e+00 1.9877080189e+01 -1.1280073905e-01 9.9361762931e-01
3.0659571225e-05 1.3416369979e-04 1.2373939198e+01 1.2280185651e+01 1.5203327434e+00 1.9883865320e+01 -1.2286570340e-01 9.9242330632e-01
3.4613772649e-05 1.3467951517e-04 1.1798711267e+01 1.1689359774e+01 1.6026402034e+00 1.9902556240e+01 -1.3583180122e-01 9.9073191216e-01
3.8559846607e-05 1.3525374004e-04 1.1176718926e+01 1.1046573822e+01 1.7006624391e+00 1.9932265296e+01 -1.5216115305e-01 9.8835569685e-01
4.2494391222e-05 1.3590159684e-04 1.0482433978e+01 1.0324814060e+01 1.8109767358e+00 1.9977832794e+01 -1.7276299947e-01 9.8496342369e-01
4.6412237032e-05 1.3664279284e-04 9.7118699212e+00 9.5176695745e+00 1.9324552351e+00 2.0042427854e+01 -1.9897869832e-01 9.8000381510e-01
5.0305100770e-05 1.3750406746e-04 8.8566286704e+00 8.6128706119e+00 2.0635724429e+00 2.0129996712e+01 -2.3299751177e-01 9.7247733110e-01
5.4158448832e-05 1.3852499791e-04 7.8290600393e+00 7.5179996356e+00 2.1849170644e+00 2.0263272993e+01 -2.7907782715e-01 9.6026848662e-01
5.7943068185e-05 1.3977064179e-04 6.6461713264e+00 6.2361215134e+00 2.2983432664e+00 2.0439233943e+01 -3.4581462823e-01 9.3830285244e-01
6.1594166003e-05 1.4135160688e-04 4.9460917265e+00 4.4226825605e+00 2.2144304767e+00 2.0795533644e+01 -4.4771318429e-01 8.9417722215e-01
6.4601075128e-05 1.4378660628e-04 7.7137117062e+00 4.7980440583e+00 6.0398776064e+00 2.1443626718e+01 -7.8300535936e-01 6.2201495739e-01
6.7124036067e-05 1.4682626827e-04 1.5628344061e+01 1.0236041623e+01 1.1809682045e+01 2.1684624539e+01 -7.5565792500e-01 6.5496648798e-01
7.0123468820e-05 1.4935808186e-04 2.2614663033e+01 1.9321609021e+01 1.1751527941e+01 2.1166965391e+01 -5.1964196522e-01 8.5438412203e-01
7.3608720745e-05 1.5128497837e-04 2.5105423565e+01 2.2454701601e+01 1.1228030477e+01 2.0677233475e+01 -4.4723525369e-01 8.9441636158e-01
7.7234666473e-05 1.5293632033e-04 2.6093888277e+01 2.4124086159e+01 9.9458268844e+00 2.0420484943e+01 -3.8115541765e-01 9.2451097754e-01
8.0955189972e-05 1.5436741702e-04 2.6539072812e+01 2.4989935636e+01 8.9345118868e+00 2.0176748807e+01 -3.3665501240e-01 9.4162805960e-01
8.4734392759e-05 1.5563725034e-04 2.6727802760e+01 2.5494669555e+01 8.0247906326e+00 1.9983579939e+01 -3.0024131443e-01 9.5386327800e-01
8.8555250905e-05 1.5677693842e-04 2.6724113696e+01 2.5721324576e+01 7.2520145416e+00 1.9818597753e+01 -2.7136595151e-01 9.6247624405e-01
9.2406001368e-05 1.5781193425e-04 2.6644556158e+01 2.5814047285e+01 6.6005557088e+00 1.9679693587e+01 -2.4772623982e-01 9.6883007287e-01
9.6278881932e-05 1.5876134551e-04 2.6513136896e+01 2.5812090925e+01 6.0565988935e+00 1.9558135202e+01 -2.2843765780e-01 9.7355854292e-01
1.0016825239e-04 1.5964118594e-04 2.6346973958e+01 2.5743337063e+01 5.6074623124e+00 1.9452402952e+01 -2.1283136050e-01 9.7708894784e-01
1.0406991986e-04 1.6046508772e-04 2.6177183164e+01 2.5646259317e+01 5.2454076537e+00 1.9365367616e+01 -2.0038090503e-01 9.7971806807e-01
1.0798059989e-04 1.6124532553e-04 2.6013668696e+01 2.5535105211e+01 4.9668260381e+00 1.9290948739e+01 -1.9093139442e-01 9.8160338356e-01
1.1189755798e-04 1.6199357926e-04 2.5878440274e+01 2.5434953425e+01 4.7704103924e+00 1.9231269803e+01 -1.8433917739e-01 9.8286269014e-01
1.1581834204e-04 1.6272163469e-04 2.5799660631e+01 2.5374474934e+01 4.6646018612e+00 1.9186922987e+01 -1.8080089997e-01 9.8351971743e-01
1.1974065172e-04 1.6344147251e-04 2.5812689813e+01 2.5390052528e+01 4.6519015443e+00 1.9159296372e+01 -1.8021762079e-01 9.8362676314e-01
1.2366182583e-04 1.6416741176e-04 2.6010957848e+01 2.5567528140e+01 4.7824086988e+00 1.9158223197e+01 -1.8386130672e-01 9.8295219614e-01
1.2757808127e-04 1.6491920553e-04 2.6713776238e+01 2.6210552179e+01 5.1606971785e+00 1.9173848687e+01 -1.9318486209e-01 9.8116237650e-01
1.3149002984e-04 1.6569333931e-04 2.8001717753e+01 2.7463813155e+01 5.4621574610e+00 1.9178485918e+01 -1.9506508526e-01 9.8079029997e-01
1.3540312952e-04 1.6646154126e-04 2.9935581493e+01 2.9389056980e+01 5.6940643789e+00 1.9126483312e+01 -1.9021058202e-01 9.8174331395e-01
1.3932888856e-04 1.6715836335e-04 3.2030500961e+01 3.1621575385e+01 5.1018586798e+00 1.8937544869e+01 -1.5928126401e-01 9.8723324444e-01
1.4327945697e-04 1.6768835027e-04 3.3211386931e+01 3.3022323747e+01 3.5386941381e+00 1.8637909243e+01 -1.0655062812e-01 9.9430727828e-01
1.4725191532e-04 1.6802136189e-04 3.3222737210e+01 3.3161918611e+01 2.0093336686e+00 1.8349594311e+01 -6.0480677914e-02 9.9816936819e-01
1.5123494568e-04 1.6820446115e-04 3.2752684255e+01 3.2736582573e+01 1.0268823539e+00 1.8146810249e+01 -3.1352616657e-02 9.9950838587e-01
1.5522163427e-04 1.6828149221e-04 3.2299065884e+01 3.2298209605e+01 2.3518777292e-01 1.7990762499e+01 -7.2815657817e-03 9.9997348905e-01
1.5920912414e-04 1.6826793800e-04 3.1902819861e+01 3.1899657637e+01 -4.4917450737e-01 1.7845154086e+01 1.4079460980e-02 9.9990087948e-01
1.6319555622e-04 1.6817292749e-04 3.1557489279e+01 3.1539700735e+01 -1.0594371732e+00 1.7719169306e+01 3.3571655966e-02 9.9943631309e-01
1.6717952352e-04 1.6800282418e-04 3.1227655109e+01 3.1185826831e+01 -1.6157501365e+00 1.7593882501e+01 5.1741001074e-02 9.9866053732e-01
1.7115988342e-04 1.6776229535e-04 3.0917517335e+01 3.0844060497e+01 -2.1299789173e+00 1.7475275987e+01 6.8892301222e-02 9.9762410297e-01
1.7513566013e-04 1.6745495577e-04 3.0622034182e+01 3.0510560962e+01 -2.6104879328e+00 1.7365639582e+01 8.5248678034e-02 9.9635970557e-01
1.7910599518e-04 1.6708372987e-04 3.0334578953e+01 3.0179666331e+01 -3.0617675361e+00 1.7257210593e+01 1.0093324654e-01 9.9489320017e-01
1.8307010879e-04 1.6665100000e-04 3.0058083216e+01 2.9854834598e+01 -3.4895870394e+00 1.7153311108e+01 1.1609479601e-01 9.9323813778e-01
1.8702727320e-04 1.6615869062e-04 2.9786685319e+01 2.9530725549e+01 -3.8965203525e+00 1.7050774685e+01 1.3081416447e-01 9.9140690656e-01
1.9097680589e-04 1.6560844891e-04 2.9522838172e+01 2.9210183039e+01 -4.2852281836e+00 1.6952290359e+01 1.4514960108e-01 9.8940971963e-01
1.9491805369e-04 1.6500166725e-04 2.9264807067e+01 2.8891712534e+01 -4.6580982730e+00 1.6855883154e+01 1.5917064692e-01 9.8725108516e-01
1.9885038048e-04 1.6433950429e-04 2.9006676515e+01 2.8569690824e+01 -5.0159793319e+00 1.6758379770e+01 1.7292499295e-01 9.8493499624e-01
2.0277316394e-04 1.6362294799e-04 2.8753147529e+01 2.8248942375e+01 -5.3610397757e+00 1.6666683570e+01 1.8645053625e-01 9.8246434924e-01
2.0668578979e-04 1.6285284064e-04 2.8500360572e+01 2.7925801203e+01 -5.6938721361e+00 1.6573270597e+01 1.9978245965e-01 9.7984027720e-01
2.1058764535e-04 1.6202989001e-04 2.8247991386e+01 2.7600051218e+01 -6.0154958312e+00 1.6482140677e+01 2.1295304679e-01 9.7706243396e-01
2.1447810987e-04 1.6115466279e-04 2.7997183117e+01 2.7272815521e+01 -6.3273846112e+00 1.6395182125e+01 2.2600075818e-01 9.7412712584e-01
2.1835655675e-04 1.6022762610e-04 2.7745067295e+01 2.6941432865e+01 -6.6293253342e+00 1.6304413561e+01 2.3893707893e-01 9.7103505205e-01
2.2222235874e-04 1.5924919362e-04 2.7490631802e+01 2.6605026416e+01 -6.9215176309e+00 1.6217016868e+01 2.5177732111e-01 9.6778519340e-01
2.2607487868e-04 1.5821970368e-04 2.7234565707e+01 2.6264296861e+01 -7.2047400812e+00 1.6132641201e+01 2.6454396809e-01 9.6437362518e-01
2.2991346487e-04 1.5713941799e-04 2.6976917825e+01 2.5919340561e+01 -7.4794304734e+00 1.6047182339e+01 2.7725296573e-01 9.6079695721e-01
2.3373745069e-04 1.5600853661e-04 2.6716195617e+01 2.5568764381e+01 -7.7455404133e+00 1.5962841515e+01 2.8991928807e-01 9.5705109916e-01
2.3754614722e-04 1.5482718706e-04 2.6453430347e+01 2.5213530596e+01 -8.0038648160e+00 1.5880105339e+01 3.0256434462e-01 9.5312896156e-01
2.4133884265e-04 1.5359543574e-04 2.6186864858e+01 2.4852019251e+01 -8.2540311531e+00 1.5796212665e+01 3.1519737845e-01 9.4902613906e-01
2.4511481562e-04 1.5231333896e-04 2.5914161414e+01 2.4482202272e+01 -8.4950299421e+00 1.5714565812e+01 3.2781419419e-01 9.4474221568e-01
2.4887333119e-04 1.5098093649e-04 2.5635901294e+01 2.4104690486e+01 -8.7271605745e+00 1.5635992432e+01 3.4042729665e-01 9.4027084167e-01
2.5261361862e-04 1.4959819517e-04 2.5355538677e+01 2.3722651986e+01 -8.9520458189e+00 1.5553416374e+01 3.5306076251e-01 9.3560039439e-01
2.5633487061e-04 1.4816501920e-04 2.5067450557e+01 2.3330882004e+01 -9.1677163114e+00 1.5474214444e+01 3.6572192654e-01 9.3072416561e-01
2.6003626847e-04 1.4668132426e-04 2.4770005255e+01 2.2928184957e+01 -9.3729128319e+00 1.5397469604e+01 3.7839769250e-01 9.2564312038e-01
2.6371697994e-04 1.4514703461e-04 2.4468448174e+01 2.2519524703e+01 -9.5695330692e+00 1.5319120035e+01 3.9109685262e-01 9.2034952701e-01
2.6737612663e-04 1.4356200852e-04 2.4159652617e+01 2.2101926217e+01 -9.7567244547e+00 1.5241919264e+01 4.0384373936e-01 9.1482798065e-01
2.7101278934e-04 1.4192606030e-04 2.3842583181e+01 2.1674657755e+01 -9.9336792743e+00 1.5165634842e+01 4.1663603306e-01 9.0907338315e-01
2.7462604034e-04 1.4023903904e-04 2.3516611351e+01 2.1237535177e+01 -1.0099411322e+01 1.5090745446e+01 4.2945861421e-01 9.0308653997e-01
2.7821492828e-04 1.3850079708e-04 2.3181246245e+01 2.0790212942e+01 -1.0253644391e+01 1.5016180637e+01 4.4232498472e-01 8.9685484215e-01
2.8177845244e-04 1.3671113996e-04 2.2836889270e+01 2.0333193132e+01 -1.0396382475e+01 1.4942257375e+01 4.5524512347e-01 8.9036614803e-01
2.8531557535e-04 1.3486985964e-04 2.2482158412e+01 1.9865552671e+01 -1.0526502930e+01 1.4870146630e+01 4.6821585085e-01 8.8361412223e-01
2.8882523732e-04 1.3297676725e-04 2.2114606950e+01 1.9385531104e+01 -1.0642228355e+01 1.4797807806e+01 4.8123072587e-01 8.7659397013e-01
2.9230634587e-04 1.3103167569e-04 2.1737577427e+01 1.8896346606e+01 -1.0744782796e+01 1.4727531405e+01 4.9429532025e-01 8.6929404483e-01
2.9575777404e-04 1.2903439932e-04 2.1350593735e+01 1.8397992304e+01 -1.0833361990e+01 1.4658446622e+01 5.0740331274e-01 8.6170869685e-01
2.9917837077e-04 1.2698477543e-04 2.0951657988e+01 1.7889185061e+01 -1.0906375672e+01 1.4589792778e+01 5.2054952780e-01 8.5383147582e-01
3.0256693683e-04 1.2488262730e-04 2.0539019173e+01 1.7368713149e+01 -1.0962623416e+01 1.4522035993e+01 5.3374619905e-01 8.4564472150e-01
3.0592222523e-04 1.2272776940e-04 2.0109533267e+01 1.6834536753e+01 -1.0999622745e+01 1.4454835274e+01 5.4698548192e-01 8.3714209222e-01
3.0924297998e-04 1.2052007182e-04 1.9667108555e+01 1.6290765411e+01 -1.1018444593e+01 1.4391379245e+01 5.6024730643e-01 8.2832539237e-01
3.1252792432e-04 1.1825944203e-04 1.9214464241e+01 1.5740151634e+01 -1.1020129882e+01 1.4329166927e+01 5.7353302928e-01 8.1918243653e-01
3.1577573096e-04 1.1594578231e-04 1.8745162085e+01 1.5177959439e+01 -1.1000484029e+01 1.4266200637e+01 5.8684390026e-01 8.0970009061e-01
3.1898503677e-04 1.1357901493e-04 1.8260343087e+01 1.4605964370e+01 -1.0959285309e+01 1.4205777098e+01 6.0016864178e-01 7.9987349089e-01
3.2215446365e-04 1.1115911238e-04 1.7761700321e+01 1.4026413409e+01 -1.0896684136e+01 1.4148365249e+01 6.1349329957e-01 7.8969992490e-01
3.2528261272e-04 1.0868608969e-04 1.7246845272e+01 1.3438254245e+01 -1.0810503906e+01 1.4092028855e+01 6.2681051143e-01 7.7917172867e-01
3.2836805687e-04 1.0615999519e-04 1.6716338388e+01 1.2842869515e+01 -1.0700311759e+01 1.4037625222e+01 6.4011098066e-01 7.6828245616e-01
3.3140935138e-04 1.0358092400e-04 1.6170749859e+01 1.2241737348e+01 -1.0565652734e+01 1.3985466620e+01 6.5338050655e-01 7.5702966498e-01
3.3440503378e-04 1.0094901816e-04 1.5609386163e+01 1.1635344103e+01 -1.0405368998e+01 1.3935677514e+01 6.6660974937e-01 7.4540689697e-01
3.3735362441e-04 9.8264466845e-05 1.5032952662e+01 1.1025347792e+01 -1.0219166884e+01 1.3888331571e+01 6.7978441186e-01 7.3341199431e-01
3.4025364454e-04 9.5527525455e-05 1.4444417576e+01 1.0415112097e+01 -1.0008328487e+01 1.3844402569e+01 6.9288556875e-01 7.2104756335e-01
3.4310361719e-04 9.2738514255e-05 1.3837043209e+01 9.8009421984e+00 -9.7675635040e+00 1.3801464869e+01 7.0589961715e-01 7.0831188788e-01
3.4590206036e-04 8.9897808989e-05 1.3217899432e+01 9.1891386520e+00 -9.5011892012e+00 1.3763293076e+01 7.1881233851e-01 6.9520415850e-01
3.4864749813e-04 8.7005850065e-05 1.2586423193e+01 8.5805200512e+00 -9.2082965007e+00 1.3727639943e+01 7.3160550535e-01 6.8172823364e-01
3.5133848004e-04 8.4063157687e-05 1.1942098332e+01 7.9760439201e+00 -8.8879939215e+00 1.3694800865e+01 7.4425730509e-01 6.6789300327e-01
3.5397359699e-04 8.1070341122e-05 1.1287045101e+01 7.3784578172e+00 -8.5414136625e+00 1.3667128564e+01 7.5674488637e-01 6.5371031577e-01
3.5655146745e-04 7.8028080958e-05 1.0621260642e+01 6.7889205862e+00 -8.1683373403e+00 1.3641466005e+01 7.6905535185e-01 6.3918218513e-01
3.5907073387e-04 7.4937121062e-05 9.9477588337e+00 6.2105707610e+00 -7.7708890505e+00 1.3620220550e+01 7.8116982734e-01 6.2431858923e-01
3.6153011644e-04 7.1798306982e-05 9.2716378797e+00 5.6478045551e+00 -7.3529295304e+00 1.3603890020e+01 7.9305615964e-01 6.0914852677e-01
3.6392843914e-04 6.8612596696e-05 8.5907913711e+00 5.1003103261e+00 -6.9129249207e+00 1.3590577762e+01 8.0469011783e-01 5.9369505157e-01
3.6626459735e-04 6.5381025184e-05 7.9064055121e+00 4.5696727281e+00 -6.4520802289e+00 1.3581114137e+01 8.1605733718e-01 5.7797095293e-01
3.6853756323e-04 6.2104699630e-05 7.2258361395e+00 4.0609337295e+00 -5.9767487114e+00 1.3577419009e+01 8.2713593223e-01 5.6200191246e-01
3.7074645293e-04 5.8784836284e-05 6.5482024312e+00 3.5742345078e+00 -5.4866932449e+00 1.3577963824e+01 8.3789304050e-01 5.4583445538e-01
3.7289055656e-04 5.5422765833e-05 5.8751625279e+00 3.1109532141e+00 -4.9839246412e+00 1.3583090757e+01 8.4830413074e-01 5.2950930282e-01
3.7496934430e-04 5.2019919803e-05 5.2160359776e+00 2.6762231667e+00 -4.4771487446e+00 1.3593335626e+01 8.5834314868e-01 5.1307605588e-01
3.7698248739e-04 4.8577826563e-05 4.5708588953e+00 2.2698242879e+00 -3.9674486440e+00 1.3607504575e+01 8.6798755658e-01 4.9658594586e-01
3.7892992453e-04 4.5098130154e-05 3.9440790287e+00 1.8936385112e+00 -3.4597532532e+00 1.3626407476e+01 8.7720180760e-01 4.8012184782e-01
3.8081196797e-04 4.1582624711e-05 3.3416356243e+00 1.5498112281e+00 -2.9605090446e+00 1.3650692798e+01 8.8594609868e-01 4.6378821700e-01
3.8262940534e-04 3.8033275569e-05 2.7650250481e+00 1.2379542618e+00 -2.4724143590e+00 1.3678862269e+01 8.9417430799e-01 4.4771900443e-01
3.8438364303e-04 3.4452251892e-05 2.2243390668e+00 9.6111591435e-01 -2.0059761921e+00 1.3711519484e+01 9.0183022096e-01 4.3209056061e-01
3.8607694103e-04 3.0841990849e-05 1.7224012317e+00 7.1850760946e-01 -1.5653794487e+00 1.3748120156e+01 9.0883553716e-01 4.1715460731e-01
3.8771273002e-04 2.7205282545e-05 1.2650003614e+00 5.1010700927e-01 -1.1575909266e+00 1.3788177723e+01 9.1509138018e-01 4.0324653244e-01
3.8929603411e-04 2.3545383300e-05 8.6066732260e-01 3.3637471169e-01 -7.9221227807e-01 1.3831293858e+01 9.2046282840e-01 3.9083011851e-01
3.9083429950e-04 1.9866282666e-05 5.1559125877e-01 1.9626300595e-01 -4.7677581589e-01 1.3876233663e+01 9.2471663896e-01 3.8065619346e-01
3.9234016086e-04 1.6173745766e-05 2.3799484565e-01 8.9147229446e-02 -2.2066789081e-01 1.3922089331e+01 9.2719609206e-01 3.7457630313e-01
3.9383037326e-04 1.2474837189e-05 3.5851921720e-02 1.3365830423e-02 -3.3267324330e-02 1.3967530657e+01 9.2790909760e-01 3.7280652702e-01
3.9534330083e-04 8.7853772577e-06 8.4525748141e-02 -3.2625927115e-02 7.7975322883e-02 1.4009380896e+01 9.2250378846e-01 3.8598803125e-01
3.9699048930e-04 5.1563597793e-06 1.1777275334e-01 -5.1852229133e-02 1.0574387814e-01 1.4044796067e+01 8.9786368356e-01 4.4027355786e-01
3.9893404612e-04 1.6833182864e-06 7.1801783946e-02 -3.8413894949e-02 6.0661922594e-02 1.4065397661e+01 8.4485258248e-01 5.3499917185e-01
