x_m y_m sigma_xx_Pa sigma_xy_Pa sigma_yy_Pa von_mises_Pa sigma_max_principal_Pa sigma_min_principal_Pa sigma_tension_Pa sigma_comp_mag_Pa is_surface wss_mag_dyn_cm2 wss_x_dyn_cm2 wss_y_dyn_cm2 pressure_Pa normal_x normal_y
3.8390973450e-04 3.5316938630e-05 -6.9316585008e+00 -1.1019487682e+01 1.8238476597e+01 2.8947932343e+01 2.2366505579e+01 -1.1059687483e+01 2.2366505579e+01 1.1059709787e+01 1.0000000000e+00 2.2263508903e+00 9.6277692375e-01 -2.0074109898e+00 1.3711952874e+01 9.0165975117e-01 4.3244617367e-01
3.7455212061e-04 5.2596652883e-05 -6.8165546085e+00 -1.0240681366e+01 1.0911065019e+01 2.3449769189e+01 1.5585985759e+01 -1.1491475349e+01 1.5585985759e+01 1.1491475309e+01 1.0000000000e+00 5.2165722609e+00 2.6775161589e+00 -4.4770004882e+00 1.3593115116e+01 8.5822648750e-01 5.1327117214e-01
3.6941033643e-04 6.0695169792e-05 -6.6181454796e+00 -9.9785587575e+00 8.2478567958e+00 2.1544087518e+01 1.3253340386e+01 -1.1623629070e+01 1.3253340386e+01 1.1623629071e+01 1.0000000000e+00 7.2250312371e+00 4.0615164073e+00 -5.9753795570e+00 1.3577538125e+01 8.2703857754e-01 5.6214516921e-01
3.6672573888e-04 6.4615010017e-05 -6.4980047063e+00 -9.8578333299e+00 7.0764474146e+00 2.0724041568e+01 1.2254252332e+01 -1.1675809624e+01 1.2254252332e+01 1.1675809623e+01 1.0000000000e+00 7.9090762833e+00 4.5722491235e+00 -6.4535281519e+00 1.3582466047e+01 8.1596483847e-01 5.7810153294e-01
3.6113633828e-04 7.2201896141e-05 -6.2270906845e+00 -9.6311677312e+00 4.9889224093e+00 1.9298520886e+01 1.0522922091e+01 -1.1761090366e+01 1.0522922091e+01 1.1761090366e+01 1.0000000000e+00 9.2722099134e+00 5.6491884026e+00 -7.3525877806e+00 1.3603399093e+01 7.9297037591e-01 6.0926019313e-01
3.5526493255e-04 7.9458598764e-05 -5.9258431074e+00 -9.4168940164e+00 3.1804434326e+00 1.8112769894e+01 9.0847127365e+00 -1.1830112411e+01 9.0847127365e+00 1.1830112411e+01 1.0000000000e+00 1.0623364693e+01 6.7912712585e+00 -8.1691194191e+00 1.3642134380e+01 7.6897665246e-01 6.3927686332e-01
3.5222807905e-04 8.2965526448e-05 -5.7659132813e+00 -9.3137804490e+00 2.3650466656e+00 1.7597812308e+01 8.4596683654e+00 -1.1860534981e+01 8.4596683654e+00 1.1860534981e+01 1.0000000000e+00 1.1943603172e+01 7.9780651760e+00 -8.8882018868e+00 1.3695208333e+01 7.4418094429e-01 6.6797808509e-01
3.4912634178e-04 8.6392733865e-05 -5.6007571711e+00 -9.2127545590e+00 1.5991061998e+00 1.7128403467e+01 7.8882628667e+00 -1.1889913838e+01 7.8882628667e+00 1.1889913838e+01 1.0000000000e+00 1.2588109694e+01 8.5826659798e+00 -9.2086019752e+00 1.3728460920e+01 7.3153175491e-01 6.8180737129e-01
3.4596163257e-04 8.9741071178e-05 -5.4307629556e+00 -9.1151033646e+00 8.8124629720e-01 1.6703005527e+01 7.3687264080e+00 -1.1918243066e+01 7.3687264080e+00 1.1918243066e+01 1.0000000000e+00 1.3218793290e+01 9.1907695639e+00 -9.5008552706e+00 1.3764188407e+01 7.1873847045e-01 6.9528052691e-01
3.4273581418e-04 9.3011461086e-05 -5.2570215031e+00 -9.0168787978e+00 2.0584074109e-01 1.6315103737e+01 6.8939391531e+00 -1.1945119915e+01 6.8939391531e+00 1.1945119915e+01 1.0000000000e+00 1.3836791023e+01 9.8018078627e+00 -9.7663375146e+00 1.3802156761e+01 7.0582387911e-01 7.0838735991e-01
3.3945085661e-04 9.6204638565e-05 -5.0792391615e+00 -8.9213291327e+00 -4.3360793336e-01 1.5964195695e+01 6.4605091346e+00 -1.1973356230e+01 6.4605091346e+00 1.1973356230e+01 1.0000000000e+00 1.4444611448e+01 1.0416275531e+01 -1.0007397461e+01 1.3845064674e+01 6.9281181407e-01 7.2111843014e-01
3.3610858721e-04 9.9321498170e-05 -4.8988441426e+00 -8.8276128899e+00 -1.0355321232e+00 1.5648275354e+01 6.0673478553e+00 -1.2001724121e+01 6.0673478553e+00 1.2001724121e+01 1.0000000000e+00 1.5034432345e+01 1.1027420103e+01 -1.0219107682e+01 1.3889765734e+01 6.7971356998e-01 7.3347764982e-01
3.3271086086e-04 1.0236286572e-04 -4.7149661446e+00 -8.7337491155e+00 -1.6050123308e+00 1.5362295551e+01 5.7094362338e+00 -1.2029414709e+01 5.7094362338e+00 1.2029414709e+01 1.0000000000e+00 1.6169128497e+01 1.2241518606e+01 -1.0563424566e+01 1.3986440073e+01 6.5330822053e-01 7.5709204790e-01
3.2925950332e-04 1.0532948137e-04 -4.5273136379e+00 -8.6410558514e+00 -2.1455492930e+00 1.5105935369e+01 5.3849843864e+00 -1.2057847317e+01 5.3849843864e+00 1.2057847317e+01 1.0000000000e+00 1.6715046046e+01 1.2842885243e+01 -1.0698273831e+01 1.4039036284e+01 6.4003854980e-01 7.6834279769e-01
3.2220282923e-04 1.1104160749e-04 -4.1450310190e+00 -8.4593959426e+00 -3.1460948905e+00 1.4675651594e+01 4.8274284434e+00 -1.2118554353e+01 4.8274284434e+00 1.2118554353e+01 1.0000000000e+00 1.7760207481e+01 1.4026337978e+01 -1.0894347740e+01 1.4149428253e+01 6.1341331467e-01 7.8976205618e-01
3.1125816331e-04 1.1906834208e-04 -3.5508700307e+00 -8.1905482915e+00 -4.4728889965e+00 1.4207587052e+01 4.1908746954e+00 -1.2214633723e+01 4.1908746954e+00 1.2214633723e+01 1.0000000000e+00 1.9213737762e+01 1.5740487933e+01 -1.1018382750e+01 1.4329579027e+01 5.7346378339e-01 8.1923091320e-01
2.9991957917e-04 1.2646234025e-04 -2.9321281435e+00 -7.9272718920e+00 -5.6271831463e+00 1.3926230302e+01 3.7606571689e+00 -1.2319968459e+01 3.7606571689e+00 1.2319968459e+01 1.0000000000e+00 2.0950256268e+01 1.7888793710e+01 -1.0904324705e+01 1.4591288139e+01 5.2048645924e-01 8.5386992320e-01
2.9605928792e-04 1.2878950499e-04 -2.7209665924e+00 -7.8396473771e+00 -5.9798506340e+00 1.3867705717e+01 3.6561150157e+00 -1.2356932242e+01 3.6561150157e+00 1.2356932242e+01 1.0000000000e+00 2.1346806728e+01 1.8395532900e+01 -1.0830075106e+01 1.4658163829e+01 5.0733935264e-01 8.6174635553e-01
2.8822562405e-04 1.3324128825e-04 -2.2879382733e+00 -7.6641833006e+00 -6.6434853644e+00 1.3799151901e+01 3.5012322455e+00 -1.2432655883e+01 3.5012322455e+00 1.2432655883e+01 1.0000000000e+00 2.2111239354e+01 1.9383326072e+01 -1.0639246973e+01 1.4800415916e+01 4.8116918290e-01 8.7662775306e-01
2.7213981912e-04 1.4134983713e-04 -1.3785143635e+00 -7.3124482925e+00 -7.8235254285e+00 1.3839840535e+01 3.3894157623e+00 -1.2591455554e+01 3.3894157624e+00 1.2591455554e+01 1.0000000000e+00 2.3831057350e+01 2.1664520222e+01 -9.9281346662e+00 1.5168033643e+01 4.1660487491e-01 9.0908766255e-01
2.5974345206e-04 1.4674998493e-04 -6.4825756765e-01 -7.0431254658e+00 -8.6029613458e+00 1.4008553141e+01 3.4622324705e+00 -1.2713451384e+01 3.4622324704e+00 1.2713451384e+01 1.0000000000e+00 2.4754409961e+01 2.2913601130e+01 -9.3673740063e+00 1.5398794595e+01 3.7841233223e-01 9.2563713561e-01
2.4281961506e-04 1.5305808717e-04 4.1859100220e-01 -6.6735036462e+00 -9.5274803926e+00 1.4414116062e+01 3.7675490931e+00 -1.2876438484e+01 3.7675490960e+00 1.2876438484e+01 1.0000000000e+00 2.6154896903e+01 2.4820498630e+01 -8.2475135499e+00 1.5797397703e+01 3.1533343758e-01 9.4898093929e-01
8.2469868151e-05 1.5350408101e-04 1.1565498594e+01 2.4708153518e+00 -1.7403481750e+01 2.5319391621e+01 1.1699165990e+01 -1.7537149146e+01 1.1772271475e+01 1.7560104354e+01 1.0000000000e+00 2.5911120610e+01 2.4050332783e+01 9.6419740854e+00 2.0337004480e+01 -3.7211721680e-01 9.2818574486e-01
7.2255445837e-05 1.4730238646e-04 7.5576626810e+00 9.8460626345e+00 -1.5593198136e+01 1.8283815657e+01 6.5383981638e+00 -1.4573933618e+01 7.1250696034e+00 1.4131890441e+01 1.0000000000e+00 1.8284324770e+01 1.3384576704e+01 1.2456710590e+01 2.1565708372e+01 -6.8127813017e-01 7.3202466444e-01
4.8948684983e-05 1.3634391595e-04 -6.5626810446e+01 -1.4313009874e+01 -3.6009783318e+01 3.5617747625e+01 -3.0254380702e+01 -7.1382213061e+01 -6.7823231867e-07 7.1382213030e+01 1.0000000000e+00 9.3618386255e+00 9.1497066789e+00 1.9816382468e+00 2.0051375561e+01 -2.1167190827e-01 9.7734078153e-01
3.0723370186e-05 1.3374430328e-04 -5.4160255911e+01 -6.4852702441e+00 -3.3258369475e+01 2.1229871718e+01 -3.1452240541e+01 -5.5966384844e+01 -5.0205816067e-09 5.5966384844e+01 1.0000000000e+00 1.2607603307e+01 1.2522059309e+01 1.4661827345e+00 1.9858269517e+01 -1.1629353326e-01 9.9321488819e-01
1.1693557298e-05 1.3194766285e-04 -4.7849857714e+01 -5.1028466187e+00 -3.3495983077e+01 1.5211808790e+01 -3.1890378496e+01 -4.9455462295e+01 -6.9101104216e-09 4.9455462295e+01 1.0000000000e+00 1.4580164231e+01 1.4535446907e+01 1.1410399783e+00 1.9879260577e+01 -7.8259747985e-02 9.9693300269e-01
9.2932908029e-06 1.3176809402e-04 -4.6777932943e+01 -4.5309120497e+00 -3.3209179483e+01 1.4075926234e+01 -3.1866816413e+01 -4.8120296013e+01 -2.8973813992e-09 4.8120296013e+01 1.0000000000e+00 1.4580164231e+01 1.4535446907e+01 1.1410399783e+00 1.9879260577e+01 -7.8259747985e-02 9.9693300269e-01
-7.7340727613e-06 1.3058644727e-04 -3.8833496151e+01 -1.5350195516e+00 -3.2114392942e+01 6.3591469976e+00 -3.1802489316e+01 -3.9145399777e+01 1.3424634301e-08 3.9145399777e+01 1.0000000000e+00 1.6286886313e+01 1.6248350863e+01 1.1197142515e+00 2.0007673454e+01 -6.8749436201e-02 9.9763395843e-01
-2.5138007317e-05 1.2938788259e-04 -3.1554413679e+01 5.8301805739e-01 -3.1570764472e+01 5.7041520273e-01 -3.1233259705e+01 -3.1891918446e+01 -5.9625193856e-08 3.1891918446e+01 1.0000000000e+00 1.7263861933e+01 1.7218775210e+01 1.2468797464e+00 2.0156941958e+01 -7.2224844662e-02 9.9738837562e-01
-2.7652469603e-05 1.2920622799e-04 -3.0581494194e+01 8.5326695155e-01 -3.1512876470e+01 1.4696335224e+00 -3.0198692022e+01 -3.1895678641e+01 -5.9057870879e-08 3.1895678641e+01 1.0000000000e+00 1.7465785943e+01 1.7417841639e+01 1.2932405901e+00 2.0198119372e+01 -7.4044225343e-02 9.9725495872e-01
-4.2873361087e-05 1.2802910446e-04 -2.5184687620e+01 2.3653898551e+00 -3.1213657143e+01 6.5984505211e+00 -2.4389555197e+01 -3.2008789566e+01 1.7333742217e-07 3.2008789566e+01 1.0000000000e+00 1.8131263130e+01 1.8067149409e+01 1.5234221183e+00 2.0374772157e+01 -8.4021841575e-02 9.9646391311e-01
-4.5431059050e-05 1.2781583705e-04 -2.4359512009e+01 2.6048068372e+00 -3.1168413262e+01 7.3933323535e+00 -2.3495420211e+01 -3.2032505060e+01 2.0539756693e-07 3.2032505060e+01 1.0000000000e+00 1.8131263130e+01 1.8067149409e+01 1.5234221183e+00 2.0374772157e+01 -8.4021841575e-02 9.9646391311e-01
-6.0887814964e-05 1.2641245416e-04 -1.9864755673e+01 4.0037155043e+00 -3.0903766666e+01 1.1790076143e+01 -1.8577257534e+01 -3.2191264805e+01 5.3435523834e-07 3.2191264805e+01 1.0000000000e+00 1.8600205015e+01 1.8512021496e+01 1.8090568550e+00 2.0563334474e+01 -9.7260049208e-02 9.9525900289e-01
-6.3480825522e-05 1.2615605491e-04 -1.9190334766e+01 4.2353822793e+00 -3.0858841012e+01 1.2468684930e+01 -1.7825789288e+01 -3.2223386490e+01 2.5260821298e-06 3.2223386490e+01 1.0000000000e+00 1.8691210262e+01 1.8595704196e+01 1.8870947249e+00 2.0611987841e+01 -1.0096161236e-01 9.9489032201e-01
-7.9125612130e-05 1.2446666025e-04 -1.5577292929e+01 5.6106486258e+00 -3.0572815076e+01 1.6210699941e+01 -1.3715802028e+01 -3.2434305977e+01 3.3807539514e-06 3.2434305977e+01 1.0000000000e+00 1.8963788223e+01 1.8833550380e+01 2.2187031847e+00 2.0809067354e+01 -1.1699683411e-01 9.9313228767e-01
-8.1745983798e-05 1.2415849819e-04 -1.5048417305e+01 5.8422541820e+00 -3.0520126370e+01 1.6779792224e+01 -1.3096454280e+01 -3.2472089395e+01 1.9912811783e-05 3.2472089395e+01 1.0000000000e+00 1.8963788223e+01 1.8833550380e+01 2.2187031847e+00 2.0809067354e+01 -1.1699683411e-01 9.9313228767e-01
-9.4893758090e-05 1.2249540548e-04 -1.2687661244e+01 6.9977298506e+00 -3.0237178997e+01 1.9433131371e+01 -1.0242696492e+01 -3.2682143749e+01 -1.5674412220e-05 3.2682143749e+01 1.0000000000e+00 1.9107836330e+01 1.8933763794e+01 2.5733242672e+00 2.1009157538e+01 -1.3467376540e-01 9.9088999234e-01
-9.7531368705e-05 1.2213746607e-04 -1.2271976575e+01 7.2319767574e+00 -3.0175270924e+01 1.9927511656e+01 -9.7184695307e+00 -3.2728777969e+01 -5.2330455835e-05 3.2728777969e+01 1.0000000000e+00 1.9107836330e+01 1.8933763794e+01 2.5733242672e+00 2.1009157538e+01 -1.3467376540e-01 9.9088999234e-01
-1.1340057355e-04 1.1980310020e-04 -1.0171330386e+01 8.6387858903e+00 -2.9755523199e+01 2.2613616302e+01 -6.9074493330e+00 -3.3019404252e+01 -5.3222824408e-04 3.3019404252e+01 1.0000000000e+00 1.9143120732e+01 1.8915722835e+01 2.9418533284e+00 2.1210266063e+01 -1.5367678915e-01 9.8812116892e-01
-1.1605126381e-04 1.1938195405e-04 -9.8840172715e+00 8.8760810282e+00 -2.9676654307e+01 2.3021183493e+01 -6.4890493023e+00 -3.3071622276e+01 -1.7610086324e-04 3.3071622276e+01 1.0000000000e+00 1.9136847457e+01 1.8894595311e+01 3.0353251273e+00 2.1260594052e+01 -1.5861155471e-01 9.8734106301e-01
-1.2932071627e-04 1.1713292081e-04 -8.7021769738e+00 1.0065106551e+01 -2.9241192922e+01 2.4903120410e+01 -4.5938616754e+00 -3.3349508220e+01 6.2631298046e-05 3.3349508220e+01 1.0000000000e+00 1.9084898019e+01 1.8794373387e+01 3.3173575911e+00 2.1410973461e+01 -1.7382108031e-01 9.8477724996e-01
-1.3463320427e-04 1.1616476741e-04 -8.3438382998e+00 1.0542326038e+01 -2.9045604646e+01 2.5588094211e+01 -3.9214283921e+00 -3.3468014554e+01 -4.5203023564e-03 3.3468014554e+01 1.0000000000e+00 1.9024312837e+01 1.8698461111e+01 3.5059992856e+00 2.1510721000e+01 -1.8429045588e-01 9.8287182678e-01
-1.4525982583e-04 1.1410725333e-04 -7.8228592716e+00 1.1500075161e+01 -2.8611435508e+01 2.6846959511e+01 -2.7170480894e+00 -3.3717246691e+01 4.1319789184e-02 3.3717246691e+01 1.0000000000e+00 1.8943772879e+01 1.8580074473e+01 3.6942338128e+00 2.1610243928e+01 -1.9501045734e-01 9.8080116309e-01
-1.5057164000e-04 1.1301658350e-04 -7.6578129356e+00 1.1978933873e+01 -2.8372388046e+01 2.7425008942e+01 -2.1812641955e+00 -3.3848936786e+01 7.3994255657e-02 3.3848936786e+01 1.0000000000e+00 1.8844376729e+01 1.8440285216e+01 3.8815480773e+00 2.1709019386e+01 -2.0597911690e-01 9.7855638744e-01
-1.6118658351e-04 1.1070833779e-04 -7.5033534113e+00 1.2930686071e+01 -2.7845920581e+01 2.8492800417e+01 -1.2243110054e+00 -3.4124962987e+01 -1.3656668291e-01 3.4124962987e+01 1.0000000000e+00 1.8660582323e+01 1.8191141836e+01 4.1592897651e+00 2.1856253661e+01 -2.2289174545e-01 9.7484320268e-01
-1.6648738932e-04 1.0948956456e-04 -7.5155408587e+00 1.3403971080e+01 -2.7556665973e+01 2.8984284275e+01 -8.0201908777e-01 -3.4270187744e+01 -2.9828046045e-01 3.4270187744e+01 1.0000000000e+00 1.8589759607e+01 1.8097285320e+01 4.2505795246e+00 2.1905176286e+01 -2.2865166707e-01 9.7350830256e-01
-1.7178223399e-04 1.0822690462e-04 -7.5843663156e+00 1.3874075524e+01 -2.7248437651e+01 2.9450303117e+01 -4.1326155145e-01 -3.4419542416e+01 -2.4487063747e-01 3.4419542416e+01 1.0000000000e+00 1.8514024499e+01 1.7997891499e+01 4.3410833612e+00 2.1953516515e+01 -2.3447540330e-01 9.7212205265e-01
-1.7706994521e-04 1.0691979582e-04 -7.7124806060e+00 1.4341446650e+01 -2.6920237526e+01 2.9891779995e+01 -5.8331839494e-02 -3.4574386292e+01 -6.1891637991e-02 3.4574386292e+01 1.0000000000e+00 1.8349934897e+01 1.7784634728e+01 4.5196104141e+00 2.2050259827e+01 -2.4630116889e-01 9.6919334201e-01
-1.8498573464e-04 1.0487457155e-04 -7.9955110912e+00 1.5033592888e+01 -2.6389483600e+01 3.0522141964e+01 4.2946953354e-01 -3.4814464225e+01 4.2946258352e-01 3.4814464225e+01 1.0000000000e+00 1.8166061701e+01 1.7549221970e+01 4.6936772323e+00 2.2145908850e+01 -2.5837615822e-01 9.6604438866e-01
-1.9025080519e-04 1.0345391631e-04 -8.2503344194e+00 1.5483112638e+01 -2.6011402555e+01 3.0912447535e+01 7.1644141874e-01 -3.4978178393e+01 7.1644106766e-01 3.4978178393e+01 1.0000000000e+00 1.8066247047e+01 1.7422855578e+01 4.7784292270e+00 2.2193812536e+01 -2.6449484580e-01 9.6438709891e-01
-1.9287925586e-04 1.0272627547e-04 -8.3985796037e+00 1.5703089462e+01 -2.5813741400e+01 3.1097409130e+01 8.4793703044e-01 -3.5060258034e+01 8.4793703838e-01 3.5060258034e+01 1.0000000000e+00 1.7961223457e+01 1.7290743952e+01 4.8616583222e+00 2.2241093216e+01 -2.7067523178e-01 9.6267072195e-01
-2.0074636108e-04 1.0047338507e-04 -8.9296250886e+00 1.6349583844e+01 -2.5183343774e+01 3.1620942112e+01 1.1998750094e+00 -3.5312843872e+01 1.1998750100e+00 3.5312843871e+01 1.0000000000e+00 1.7735586705e+01 1.7009469642e+01 5.0228456328e+00 2.2335509472e+01 -2.8320718770e-01 9.5905875150e-01
-2.0597440158e-04 9.8912654252e-05 -9.3480490752e+00 1.6764371105e+01 -2.4732105652e+01 3.1944357889e+01 1.4030062622e+00 -3.5483160989e+01 1.4030062622e+00 3.5483160990e+01 1.0000000000e+00 1.7614318234e+01 1.6859758071e+01 5.1002710354e+00 2.2382103311e+01 -2.8955256556e-01 9.5716211363e-01
-2.0858295526e-04 9.8114503482e-05 -9.5802285719e+00 1.6964465198e+01 -2.4497362984e+01 3.2094644819e+01 1.4910560497e+00 -3.5568647603e+01 1.4910560504e+00 3.5568647606e+01 1.0000000000e+00 1.7487505982e+01 1.6704095685e+01 5.1755243992e+00 2.2428310076e+01 -2.9595554705e-01 9.5520171387e-01
-2.1638473907e-04 9.5648528130e-05 -1.0347711484e+01 1.7538001487e+01 -2.3748293608e+01 3.2513841731e+01 1.7238727299e+00 -3.5819877821e+01 1.7238727300e+00 3.5819877821e+01 1.0000000000e+00 1.7215246148e+01 1.6373387203e+01 5.3176020369e+00 2.2520355104e+01 -3.0888910860e-01 9.5109805940e-01
-2.2156435424e-04 9.3944725895e-05 -1.0932276274e+01 1.7884262728e+01 -2.3213993119e+01 3.2747667450e+01 1.8337399212e+00 -3.5980009314e+01 1.8337399212e+00 3.5980009314e+01 1.0000000000e+00 1.7069782795e+01 1.6198396048e+01 5.3841851888e+00 2.2566018000e+01 -3.1542200937e-01 9.4895150351e-01
-2.2414710311e-04 9.3074866800e-05 -1.1249734966e+01 1.8043764156e+01 -2.2935153512e+01 3.2845916166e+01 1.8711543016e+00 -3.6056042779e+01 1.8711543016e+00 3.6056042779e+01 1.0000000000e+00 1.6917201420e+01 1.6016271736e+01 5.4470857860e+00 2.2611231047e+01 -3.2198504060e-01 9.4674475632e-01
-2.3186447291e-04 9.0393763273e-05 -1.2313878543e+01 1.8435970056e+01 -2.2042127762e+01 3.3019646433e+01 1.8858986041e+00 -3.6241904909e+01 1.8858986041e+00 3.6241904909e+01 1.0000000000e+00 1.6593312111e+01 1.5633235478e+01 5.5623695761e+00 2.2700871224e+01 -3.3521755866e-01 9.4214074764e-01
-2.3698019985e-04 8.8547249727e-05 -1.3229368260e+01 1.8551280148e+01 -2.1388530587e+01 3.2892043572e+01 1.6812807868e+00 -3.6299179634e+01 1.6812807868e+00 3.6299179634e+01 1.0000000000e+00 1.6423872148e+01 1.5434000305e+01 5.6156220422e+00 2.2744653488e+01 -3.4191827552e-01 9.3972969138e-01
-2.3952716013e-04 8.7606354337e-05 -1.3861154248e+01 1.8541797355e+01 -2.1029398150e+01 3.2704504229e+01 1.4366781211e+00 -3.6327230519e+01 1.4366781211e+00 3.6327230519e+01 1.0000000000e+00 1.6245776345e+01 1.5224759343e+01 5.6685052703e+00 2.2789758833e+01 -3.4892178435e-01 9.3715184917e-01
-2.4459000062e-04 8.5689009443e-05 -1.6182179253e+01 1.8752791475e+01 -2.0206217736e+01 3.2655937172e+01 6.5971562241e-01 -3.7048112611e+01 6.5971562241e-01 3.7048112611e+01 1.0000000000e+00 1.6045587983e+01 1.4991466459e+01 5.7198625100e+00 2.2835083928e+01 -3.5647571881e-01 9.3430458732e-01
-2.5212689581e-04 8.2724334854e-05 -1.7218059246e+01 2.0433123050e+01 -1.8366028006e+01 3.5385364681e+01 2.6377061979e+00 -3.8221793450e+01 2.6377061979e+00 3.8221793450e+01 1.0000000000e+00 1.5583571357e+01 1.4476159570e+01 5.7696187343e+00 2.2921029227e+01 -3.7023725834e-01 9.2893722745e-01
-2.5963886235e-04 7.9646147249e-05 -1.7509215220e+01 2.1278895044e+01 -1.6966265317e+01 3.6847400709e+01 4.0361164492e+00 -3.8511596987e+01 4.0361164492e+00 3.8511596987e+01 1.0000000000e+00 1.5083189274e+01 1.3932858379e+01 5.7773744978e+00 2.3001256562e+01 -3.8303401175e-01 9.2373423983e-01
-2.6213434418e-04 7.8596591618e-05 -1.7767764316e+01 2.1491745881e+01 -1.6485896829e+01 3.7222637398e+01 4.3636691494e+00 -3.8617330294e+01 4.3636691494e+00 3.8617330294e+01 1.0000000000e+00 1.4813622912e+01 1.3645278004e+01 5.7662649931e+00 2.3039820171e+01 -3.8925420388e-01 9.2113037338e-01
-2.6462495787e-04 7.7535997292e-05 -1.8043582085e+01 2.1691783107e+01 -1.5999221040e+01 3.7593967003e+01 4.6834854066e+00 -3.8726288532e+01 4.6834854066e+00 3.8726288532e+01 1.0000000000e+00 1.4527291548e+01 1.3344528007e+01 5.7415827080e+00 2.3076947297e+01 -3.9522733396e-01 9.1858334107e-01
-2.6711058783e-04 7.6464818217e-05 -1.8342829009e+01 2.1883439370e+01 -1.5496588639e+01 3.7963287976e+01 4.9984057083e+00 -3.8837823356e+01 4.9984057083e+00 3.8837823356e+01 1.0000000000e+00 1.4527291548e+01 1.3344528007e+01 5.7415827080e+00 2.3076947297e+01 -3.9522733396e-01 9.1858334107e-01
-2.7453729099e-04 7.3193596324e-05 -1.9298827995e+01 2.2459165835e+01 -1.3882483698e+01 3.9145514577e+01 6.0100175319e+00 -3.9191329225e+01 6.0100175319e+00 3.9191329225e+01 1.0000000000e+00 1.3557217688e+01 1.2361255857e+01 5.5675403092e+00 2.3176984528e+01 -4.1066983190e-01 9.1178412421e-01
-2.7700319474e-04 7.2086317190e-05 -1.9579635352e+01 2.2668421531e+01 -1.3302198533e+01 3.9604613198e+01 6.4248171483e+00 -3.9306651033e+01 6.4248171483e+00 3.9306651033e+01 1.0000000000e+00 1.3557217688e+01 1.2361255857e+01 5.5675403092e+00 2.3176984528e+01 -4.1066983190e-01 9.1178412421e-01
-2.7946489328e-04 7.0972008469e-05 -1.9852556076e+01 2.2875472532e+01 -1.2713453065e+01 4.0080945739e+01 6.8577402413e+00 -3.9423749382e+01 6.8577402413e+00 3.9423749382e+01 1.0000000000e+00 1.3190608990e+01 1.2004025791e+01 5.4676805284e+00 2.3204996167e+01 -4.1451312311e-01 9.1004333455e-01
-2.8192266242e-04 6.9851931927e-05 -2.0102284675e+01 2.3112326232e+01 -1.2091539774e+01 4.0591575499e+01 7.3386448168e+00 -3.9532469266e+01 7.3386448168e+00 3.9532469266e+01 1.0000000000e+00 1.2799333227e+01 1.1631471455e+01 5.3415169040e+00 2.3229424174e+01 -4.1732774741e-01 9.0875604605e-01
-2.8927986405e-04 6.6471932771e-05 -2.0545888407e+01 2.3980383777e+01 -1.0093455140e+01 4.2441319760e+01 9.1838356148e+00 -3.9823179161e+01 9.1838356148e+00 3.9823179161e+01 1.0000000000e+00 1.1933768086e+01 1.0838803901e+01 4.9935108634e+00 2.3263325140e+01 -4.1843538665e-01 9.0824656740e-01
-2.9173030019e-04 6.5345293957e-05 -2.0530109440e+01 2.4360990892e+01 -9.3769756150e+00 4.3193736948e+01 9.9843731266e+00 -3.9891458182e+01 9.9843731266e+00 3.9891458182e+01 1.0000000000e+00 1.1933768086e+01 1.0838803901e+01 4.9935108634e+00 2.3263325140e+01 -4.1843538665e-01 9.0824656740e-01
-2.9418224068e-04 6.4223098532e-05 -2.0368480687e+01 2.4808179528e+01 -8.6366709229e+00 4.4036776166e+01 1.0922068769e+01 -3.9927220378e+01 1.0922068769e+01 3.9927220378e+01 1.0000000000e+00 1.1459950416e+01 1.0423328666e+01 4.7628440100e+00 2.3270711961e+01 -4.1560773275e-01 9.0954395852e-01
-2.9663763611e-04 6.3108905651e-05 -2.0016799863e+01 2.5325003793e+01 -7.8875824053e+00 4.4999754526e+01 1.2028429255e+01 -3.9932811523e+01 1.2028429255e+01 3.9932811523e+01 1.0000000000e+00 1.0948861799e+01 9.9897251135e+00 4.4814023304e+00 2.3267272401e+01 -4.0930303193e-01 9.1239850288e-01
-3.0908609754e-04 5.7876940965e-05 -1.2122017107e+01 3.0371107111e+01 -4.1711474531e+00 5.2707319321e+01 2.2284002718e+01 -3.8577167279e+01 2.2284002718e+01 3.8577167279e+01 1.0000000000e+00 9.2051691816e+00 8.6318894843e+00 3.1977528971e+00 2.3154226018e+01 -3.4738665136e-01 9.3772198143e-01
-3.1691254644e-04 5.5677965082e-05 2.3003483455e+01 3.5731818663e+01 -8.0881188359e+00 6.7464054296e+01 4.6408072218e+01 -3.1492707599e+01 4.6408072218e+01 3.1492707599e+01 1.0000000000e+00 9.5416475660e+00 9.4494025543e+00 1.3235670135e+00 2.2746791514e+01 -1.3871472451e-01 9.9033238117e-01
-3.2518957390e-04 5.4668988658e-05 4.3443892117e+01 2.8359900333e+01 2.6855691145e+00 6.0669368008e+01 5.8092206567e+01 -1.1962745335e+01 5.8092206567e+01 1.1962745331e+01 1.0000000000e+00 1.6417784547e+01 1.5928047254e+01 3.9800703640e+00 2.2924699107e+01 -2.4242432665e-01 9.7017031796e-01
-3.3069059637e-04 5.2557645110e-05 4.7728569362e+01 3.8921014118e+01 1.2736045523e+01 7.3766612485e+01 7.2821481018e+01 -1.2356866133e+01 7.2821481018e+01 1.2356866158e+01 1.0000000000e+00 1.5914221704e+01 1.4421906113e+01 6.7283784467e+00 2.3503449819e+01 -4.2279029234e-01 9.0622754797e-01
-3.3610548479e-04 4.9931550344e-05 4.6386616073e+01 4.1404698916e+01 1.6871399898e+01 7.6134456464e+01 7.5585256920e+01 -1.2327240949e+01 7.5585256920e+01 1.2327240821e+01 1.0000000000e+00 1.5013568014e+01 1.3362113442e+01 6.8455203496e+00 2.3605405491e+01 -4.5595559586e-01 8.9000252505e-01
-3.4148127894e-04 4.6950500361e-05 4.7935833066e+01 4.5348279906e+01 2.2231932044e+01 8.1604518761e+01 8.2198273428e+01 -1.2030508319e+01 8.2198273428e+01 1.2030508767e+01 1.0000000000e+00 1.3410287277e+01 1.1521575645e+01 6.8621497731e+00 2.3771165094e+01 -5.1170788748e-01 8.5915949502e-01
-3.4684524895e-04 4.3669518721e-05 5.0293315051e+01 4.9421819563e+01 2.7598077429e+01 8.7805904171e+01 8.9640458650e+01 -1.1749066169e+01 8.9640458650e+01 1.1749066205e+01 1.0000000000e+00 1.2639246658e+01 1.0699572466e+01 6.7282765339e+00 2.3827562125e+01 -5.3233208561e-01 8.4653561687e-01
-3.5761796337e-04 3.6280114773e-05 5.8298335713e+01 5.9972365025e+01 4.0861853394e+01 1.0492156663e+02 1.1015658929e+02 -1.0996400186e+01 1.1015658929e+02 1.0996487153e+01 1.0000000000e+00 9.7320446094e+00 7.8060559931e+00 5.8119000433e+00 2.3971551580e+01 -5.9719208825e-01 8.0209825441e-01
-3.6857353345e-04 2.7757499602e-05 7.1900765704e+01 7.6122252067e+01 6.0471635677e+01 1.3217487810e+02 1.4249740214e+02 -1.0125000759e+01 1.4249740214e+02 1.0129040173e+01 1.0000000000e+00 7.6115756531e+00 5.8766290993e+00 4.8374905015e+00 2.4016300697e+01 -6.3554390339e-01 7.7206472971e-01
-3.7416840462e-04 2.3017199202e-05 8.2598769537e+01 8.8582631680e+01 7.5253466817e+01 1.5343533552e+02 1.6751205044e+02 -9.6598140896e+00 1.6751205044e+02 9.6435188757e+00 1.0000000000e+00 6.1698475026e+00 4.6446283593e+00 4.0613354466e+00 2.4019172550e+01 -6.5825540175e-01 7.5279467723e-01
6.3825578630e-05 1.3788838253e-04 -5.3990211285e+01 -2.0962582199e+01 -4.6406974027e+01 3.6646447878e+01 -2.9040756109e+01 -7.1356429203e+01 -2.0058646970e-02 7.1354017075e+01 1.0000000000e+00 6.1438768900e+00 5.6948086912e+00 2.3057270458e+00 2.0501500639e+01 -3.7528861452e-01 9.2690800828e-01
1.8288216328e-04 1.6374901342e-04 4.5926714002e+00 -5.2627555900e+00 -1.2072053394e+01 1.7067267014e+01 6.1141002078e+00 -1.3593482202e+01 6.1141019486e+00 1.3593482202e+01 1.0000000000e+00 2.9897812608e+01 2.9687340109e+01 -3.5413325119e+00 1.7143444910e+01 1.1844787973e-01 9.9296027100e-01
3.0441287962e-04 1.1938823901e-04 -3.2211404872e+00 -8.2258714296e+00 -5.1699339537e+00 1.4345711033e+01 4.0869629059e+00 -1.2478037347e+01 4.0869629059e+00 1.2478037347e+01 1.0000000000e+00 2.0101522983e+01 1.6828743399e+01 -1.0993844724e+01 1.4456323078e+01 5.4691600897e-01 8.3718748147e-01
3.6023081515e-04 6.8221706000e-05 -5.9171982348e+00 -1.0174502056e+01 5.1993396808e+00 2.0076052456e+01 1.1231985013e+01 -1.1949843567e+01 1.1231985013e+01 1.1949843567e+01 1.0000000000e+00 8.5920863697e+00 5.1021084557e+00 -6.9132074677e+00 1.3591171745e+01 8.0460171956e-01 5.9381484730e-01
7.2170737561e-05 1.4199840700e-04 -1.2454039371e+01 -3.7015940516e+00 1.1383290101e+01 1.4056221524e+01 7.5799886458e+00 -8.6507379151e+00 1.2129676121e+01 1.0056712097e+01 0.0000000000e+00 nan nan nan nan nan nan
2.0073160403e-04 1.6050735835e-04 2.9345566759e+00 -5.8030418785e+00 -1.1422888977e+01 1.5985658341e+01 4.9851579954e+00 -1.3473490297e+01 4.9851593663e+00 1.3473490297e+01 1.0000000000e+00 2.8657697537e+01 2.8149815621e+01 -5.3713600348e+00 1.6664130967e+01 1.8743166746e-01 9.8227764407e-01
3.7072852132e-04 5.2836645655e-05 -6.2386240520e+00 -1.0903193961e+01 9.8394562121e+00 2.3453672417e+01 1.5341400164e+01 -1.1740568004e+01 1.5341400164e+01 1.1740568027e+01 1.0000000000e+00 5.8771690446e+00 3.1130422936e+00 -4.9849858231e+00 1.3584225261e+01 8.4819507237e-01 5.2968398050e-01
-3.5420881389e-04 3.5870721428e-05 5.6481627724e+01 5.4425785881e+01 3.1921496687e+01 9.6605693732e+01 9.9976885487e+01 -1.1573761076e+01 9.9976885487e+01 1.1573741451e+01 1.0000000000e+00 1.0442648356e+01 8.4843518772e+00 6.0880767004e+00 2.3945859024e+01 -5.8300121702e-01 8.1247128008e-01
2.3142655995e-04 1.5292022494e-04 7.5829880967e-01 -6.5373652857e+00 -1.0129018768e+01 1.4733289337e+01 3.8209085854e+00 -1.3191628544e+01 3.8209084695e+00 1.3191628544e+01 1.0000000000e+00 2.6679400260e+01 2.5531779354e+01 -7.7407132262e+00 1.5964065386e+01 2.9013820217e-01 9.5698475622e-01
-2.4538759308e-04 8.3191351528e-05 -1.2960846631e+01 2.0841319791e+01 -1.9640466640e+01 3.6544105678e+01 4.7980926154e+00 -3.7399405886e+01 4.7980926154e+00 3.7399405886e+01 1.0000000000e+00 1.5820895573e+01 1.4738161420e+01 5.7521591335e+00 2.2879172130e+01 -3.6357986859e-01 9.3156303016e-01
2.8879892507e-04 1.2919766631e-04 -2.4216076596e+00 -7.8197774862e+00 -6.6037502285e+00 1.4019185994e+01 3.5813018635e+00 -1.2606659752e+01 3.5813018635e+00 1.2606659752e+01 1.0000000000e+00 2.2111239354e+01 1.9383326072e+01 -1.0639246973e+01 1.4800415916e+01 4.8116918290e-01 8.7662775306e-01
2.7518672172e-05 1.3117149031e-04 -4.7687652556e+01 -7.0427958910e+00 -3.3566612899e+01 1.7217243841e+01 -3.0686752361e+01 -5.0567513094e+01 5.3855269926e-09 5.0567513094e+01 1.0000000000e+00 1.3107764548e+01 1.3031736119e+01 1.4097323086e+00 1.9856833121e+01 -1.0754940733e-01 9.9419974099e-01
6.7909758003e-05 1.3942976266e-04 -4.3774339623e+01 -1.7828969091e+01 -5.2679665974e+01 3.2536498925e+01 -2.9442046386e+01 -6.7011959211e+01 -3.4328236661e-01 6.6970644311e+01 1.0000000000e+00 4.6905210521e+00 4.0012587178e+00 2.4476348611e+00 2.0950685466e+01 -5.2182579161e-01 8.5305207532e-01
1.5529442882e-04 1.6548982763e-04 7.5167512186e+00 -4.1509663719e+00 -1.3026662093e+01 1.9182662550e+01 8.3201599502e+00 -1.3830070824e+01 8.3201071082e+00 1.3830070824e+01 1.0000000000e+00 3.1875857174e+01 3.1875715818e+01 -9.4929743590e-02 1.7933511332e+01 2.9781079477e-03 9.9999556543e-01
1.7393259125e-04 1.6467721428e-04 5.4760870373e+00 -4.9570297510e+00 -1.2387103231e+01 1.7690095004e+01 6.7578730158e+00 -1.3668889210e+01 6.7578631803e+00 1.3668889210e+01 1.0000000000e+00 3.0416252159e+01 3.0296508055e+01 -2.6962928436e+00 1.7350102972e+01 8.8646452217e-02 9.9606315388e-01
1.9164852499e-04 1.6259654309e-04 3.8109975256e+00 -5.5270006376e+00 -1.1754716752e+01 1.6531775345e+01 5.5727653325e+00 -1.3516484559e+01 5.5727680842e+00 1.3516484559e+01 1.0000000000e+00 2.9393694280e+01 2.9075266206e+01 -4.3148764148e+00 1.6945982344e+01 1.4679598875e-01 9.8916678962e-01
2.0983381077e-04 1.5924545410e-04 2.3448771319e+00 -6.0089931659e+00 -1.1053870589e+01 1.5585751370e+01 4.6439410203e+00 -1.3352934477e+01 4.6439416579e+00 1.3352934477e+01 1.0000000000e+00 2.8171028074e+01 2.7520534089e+01 -6.0188891167e+00 1.6481847702e+01 2.1365528801e-01 9.7690911446e-01
2.4007318753e-04 1.5070893611e-04 2.7842660043e-01 -6.7141357559e+00 -9.7039995565e+00 1.4489708020e+01 3.6528503478e+00 -1.3078423304e+01 3.6528503472e+00 1.3078423304e+01 1.0000000000e+00 2.6154896903e+01 2.4820498630e+01 -8.2475135499e+00 1.5797397703e+01 3.1533343758e-01 9.4898093929e-01
2.6848184497e-04 1.4003149896e-04 -1.3236644860e+00 -7.3302320987e+00 -8.0856541102e+00 1.3980802775e+01 3.3671609476e+00 -1.2776479544e+01 3.3671609472e+00 1.2776479544e+01 1.0000000000e+00 2.3831057350e+01 2.1664520222e+01 -9.9281346662e+00 1.5168033643e+01 4.1660487491e-01 9.0908766255e-01
3.9064301559e-04 1.2611445105e-05 -9.5744555551e-01 -1.9559368826e+01 3.5037309847e+01 4.5787426418e+01 4.3475315113e+01 -9.3954508222e+00 4.3475315113e+01 9.2443145641e+00 1.0000000000e+00 4.0388093812e-02 1.5088175581e-02 -3.7463917032e-02 1.3967661034e+01 9.2759804923e-01 3.7357978941e-01
-2.0129264552e-04 4.0429714960e-05 9.8377764995e+01 3.4867857613e+01 -3.3096027373e+01 1.2888183750e+02 1.0705083239e+02 -4.1769094765e+01 1.0705083239e+02 4.1769094765e+01 0.0000000000e+00 nan nan nan nan nan nan
-1.7930435821e-04 4.1491528915e-05 9.7634865669e+01 2.8576506362e+01 -3.7035880232e+01 1.2669418907e+02 1.0344641689e+02 -4.2847431448e+01 1.0344641689e+02 4.2847431448e+01 0.0000000000e+00 nan nan nan nan nan nan
1.3448161904e-04 6.8632252073e-05 1.0950824826e+01 -3.4082860017e+00 -2.0404087430e+01 2.7786636241e+01 1.1315990612e+01 -2.0769253216e+01 1.1315995097e+01 2.0769253216e+01 0.0000000000e+00 nan nan nan nan nan nan
-1.5606766274e-04 4.0978638780e-05 1.0012718622e+02 2.2323556000e+01 -4.0450876794e+01 1.2773497041e+02 1.0358597425e+02 -4.3909664851e+01 1.0358597425e+02 4.3909664851e+01 0.0000000000e+00 nan nan nan nan nan nan
2.6993441854e-04 6.7281194093e-05 -2.7548120873e+00 -7.1438724953e+00 -1.1177280143e+01 1.4361809698e+01 1.3257485800e+00 -1.5257840810e+01 1.3264028289e+00 1.5257840810e+01 0.0000000000e+00 nan nan nan nan nan nan
1.7864359438e-04 1.2300481233e-04 -5.7493177505e+00 -3.2779983603e+00 -1.4276859246e+01 9.3128153758e+00 -4.6363320339e+00 -1.5389844962e+01 7.9087809153e-05 1.5389844962e+01 0.0000000000e+00 nan nan nan nan nan nan
1.5615264601e-04 1.2185850808e-04 -8.8162774860e+00 -7.4185305138e-01 -1.6731821775e+01 6.9664966648e+00 -8.7519409059e+00 -1.6796158355e+01 -1.7842093326e-06 1.6796158355e+01 0.0000000000e+00 nan nan nan nan nan nan
6.7193103124e-05 9.4117768869e-05 6.4978274954e+00 2.2570704206e+00 -2.2338760179e+01 2.5282919275e+01 6.6766339077e+00 -2.2517566591e+01 6.6765603082e+00 2.2517566591e+01 0.0000000000e+00 nan nan nan nan nan nan
-2.0219002234e-04 6.7662893088e-05 3.4978901036e+01 2.8327630764e+01 -2.6910420840e+01 7.2660967665e+01 4.5985069339e+01 -3.7916589143e+01 4.5985069339e+01 3.7916589143e+01 0.0000000000e+00 nan nan nan nan nan nan
-2.2317773878e-04 4.1580361811e-05 9.0847383765e+01 4.0608070259e+01 -2.7107907034e+01 1.2402070010e+02 1.0347312295e+02 -3.9733646223e+01 1.0347312295e+02 3.9733646223e+01 0.0000000000e+00 nan nan nan nan nan nan
2.4479972538e-04 4.1507386355e-05 7.6769284704e+00 -9.1112122521e+00 -1.3620709262e+01 2.4315437088e+01 1.1066633752e+01 -1.7010414544e+01 1.1055786016e+01 1.7010414544e+01 0.0000000000e+00 nan nan nan nan nan nan
2.8990822255e-04 9.6864360792e-05 -2.8253378424e+00 -8.6514504341e+00 -7.1284176230e+00 1.5440126996e+01 3.9374837447e+00 -1.3891239210e+01 3.9374837424e+00 1.3891239210e+01 0.0000000000e+00 nan nan nan nan nan nan
2.0119156960e-04 9.3865862997e-05 -5.7945749362e+00 -2.8652031502e+00 -1.5022520921e+01 9.4029921217e+00 -4.9797278959e+00 -1.5837367961e+01 -2.8041042417e-06 1.5837367961e+01 0.0000000000e+00 nan nan nan nan nan nan
3.3525687741e-04 6.7393380201e-05 -3.4392874153e+00 -1.1174446594e+01 -6.9109290980e-01 1.9497156233e+01 9.1914982371e+00 -1.3321878562e+01 9.1914982371e+00 1.3321878562e+01 0.0000000000e+00 nan nan nan nan nan nan
2.3915638102e-05 6.8018130586e-05 4.4917137650e+01 -7.4957859598e+00 -2.7983426241e+01 6.4454549658e+01 4.5679707300e+01 -2.8745995890e+01 4.5679707300e+01 2.8745995890e+01 0.0000000000e+00 nan nan nan nan nan nan
-3.1408061763e-04 1.5141660956e-05 1.3986842897e+02 6.1920788332e+01 7.4182268150e+00 1.5703339763e+02 1.6430660229e+02 -1.7019946499e+01 1.6430660229e+02 1.7019946499e+01 0.0000000000e+00 nan nan nan nan nan nan
1.7842252000e-04 9.3970398562e-05 -6.8703239607e+00 -1.0865203513e+00 -1.6899217011e+01 8.8910811873e+00 -6.7515023690e+00 -1.7018038603e+01 -6.3792455783e-05 1.7018038603e+01 0.0000000000e+00 nan nan nan nan nan nan
-1.5657318206e-04 9.4349625453e-05 9.0672264005e+00 1.5503002332e+01 -2.9572213480e+01 4.2902208511e+01 1.4517108093e+01 -3.5022095173e+01 1.4517116423e+01 3.5022095173e+01 0.0000000000e+00 nan nan nan nan nan nan
1.5721954941e-04 1.4862453433e-04 -1.1670160092e+00 -4.2344352841e+00 -1.3849039153e+01 1.3205573539e+01 1.1621385661e-01 -1.5132269018e+01 5.2717655453e-02 1.5132269018e+01 0.0000000000e+00 nan nan nan nan nan nan
4.5682551940e-05 6.6859795624e-05 3.8048149415e+01 -6.8201971690e+00 -2.1989922630e+01 5.3320777531e+01 3.8813878653e+01 -2.2755651869e+01 3.8813878653e+01 2.2755651869e+01 0.0000000000e+00 nan nan nan nan nan nan
2.6676713146e-04 9.5707659130e-05 -2.8624640437e+00 -7.5597510685e+00 -9.5632760137e+00 1.4321371843e+01 2.0555778599e+00 -1.4481317917e+01 2.0555858282e+00 1.4481317917e+01 0.0000000000e+00 nan nan nan nan nan nan
2.9198959573e-04 3.8870952734e-05 -1.6239851880e+00 -8.3046483493e+00 -1.0965365284e+01 1.6500823370e+01 3.2320795781e+00 -1.5821430050e+01 3.2320791038e+00 1.5821430050e+01 0.0000000000e+00 nan nan nan nan nan nan
1.5626299811e-04 9.3562818636e-05 -5.1406906775e+00 -1.4232462265e+00 -1.6829500620e+01 1.0422812999e+01 -4.9674817583e+00 -1.7002709540e+01 2.4445204647e-03 1.7002709540e+01 0.0000000000e+00 nan nan nan nan nan nan
-2.4584598216e-04 6.8400319133e-05 1.2716742295e+01 3.0995729087e+01 -1.7997853318e+01 5.9907076259e+01 3.1946811093e+01 -3.7227922116e+01 3.1946811093e+01 3.7227922116e+01 0.0000000000e+00 nan nan nan nan nan nan
8.8839960906e-05 4.0848769041e-05 6.2538913859e+01 -1.5232577838e+01 -2.0119490545e+01 7.6293944792e+01 6.5258041220e+01 -2.2838617906e+01 6.5258041220e+01 2.2838617906e+01 0.0000000000e+00 nan nan nan nan nan nan
1.1309800899e-04 4.1555371188e-05 4.7430404818e+01 -1.1615026946e+01 -2.0981255100e+01 6.2570864453e+01 4.9349880294e+01 -2.2900730576e+01 4.9349880294e+01 2.2900730576e+01 0.0000000000e+00 nan nan nan nan nan nan
2.2320922898e-04 6.7837226313e-05 -4.5702449295e+00 -3.3820643268e+00 -1.5311519337e+01 1.0990863151e+01 -3.5953043346e+00 -1.6286459932e+01 3.1813694965e-03 1.6286459932e+01 0.0000000000e+00 nan nan nan nan nan nan
1.8019675341e-04 1.3540116140e-05 8.0738029392e+01 -2.3356807091e+01 -1.4963439159e+01 9.2229733217e+01 8.6136156417e+01 -2.0361566184e+01 8.6136156417e+01 2.0361566184e+01 0.0000000000e+00 nan nan nan nan nan nan
1.5717666484e-04 1.4332899612e-05 1.0261782970e+02 -2.5694739798e+01 -1.6545745980e+01 1.1239069381e+02 1.0792483918e+02 -2.1852755465e+01 1.0792483918e+02 2.1852755465e+01 0.0000000000e+00 nan nan nan nan nan nan
1.3364963154e-04 1.3356343481e-05 1.4696500178e+02 -3.4405275786e+01 -1.5962885962e+01 1.5317110301e+02 1.5393443546e+02 -2.2932319648e+01 1.5393443546e+02 2.2932319648e+01 0.0000000000e+00 nan nan nan nan nan nan
2.9053958397e-04 1.5057817470e-05 2.1315177122e+01 -1.9724447491e+01 -7.0028548603e+00 4.2052804764e+01 3.1435359282e+01 -1.7123037019e+01 3.1435358968e+01 1.7123037019e+01 0.0000000000e+00 nan nan nan nan nan nan
2.7065547374e-04 1.4430227562e-05 2.4427203983e+01 -1.9511972688e+01 -1.0450168541e+01 4.5321264260e+01 3.3154761842e+01 -1.9177726400e+01 3.3154761348e+01 1.9177726400e+01 0.0000000000e+00 nan nan nan nan nan nan
2.7025131907e-04 1.2239906483e-04 -2.1648523124e+00 -7.7419578990e+00 -8.2247561166e+00 1.4399129026e+01 3.1185368046e+00 -1.3508145234e+01 3.1185368176e+00 1.3508145234e+01 0.0000000000e+00 nan nan nan nan nan nan
-7.6405965280e-07 1.3543280921e-05 1.7566822946e+02 -1.0162391078e+01 -4.3936435638e+01 1.9099530458e+02 1.7613708742e+02 -4.4405293602e+01 1.7613708742e+02 4.4405293602e+01 0.0000000000e+00 nan nan nan nan nan nan
-2.3704014221e-05 1.3439270647e-05 1.7424079320e+02 -5.7784524051e+00 -4.7786468502e+01 1.9254101225e+02 1.7439076760e+02 -4.7936442904e+01 1.7439076760e+02 4.7936442904e+01 0.0000000000e+00 nan nan nan nan nan nan
1.8039204361e-04 1.4959333011e-04 3.9604537642e-01 -5.4195976132e+00 -1.2559193273e+01 1.4627450628e+01 2.3635886091e+00 -1.4526736506e+01 2.3583078751e+00 1.4526736506e+01 0.0000000000e+00 nan nan nan nan nan nan
3.1223057946e-04 9.3870466606e-05 -3.3865201696e+00 -9.3665119231e+00 -4.3864552764e+00 1.6244751762e+01 5.4924240795e+00 -1.3265399525e+01 5.4924240795e+00 1.3265399525e+01 0.0000000000e+00 nan nan nan nan nan nan
-1.7999881186e-04 9.4591959667e-05 3.6644319535e+00 1.7686281744e+01 -2.7241460804e+01 4.0676642708e+01 1.1696156192e+01 -3.5273185042e+01 1.1696156866e+01 3.5273185042e+01 0.0000000000e+00 nan nan nan nan nan nan
2.2777757486e-05 1.2160276245e-04 -3.0697928349e+01 -7.2521423620e+00 -3.5061332589e+01 1.3048487144e+01 -2.5346082904e+01 -4.0413178033e+01 -2.3317930186e-06 4.0413178034e+01 0.0000000000e+00 nan nan nan nan nan nan
-1.1129942799e-04 9.5773151713e-05 1.2002981767e+01 8.8791637474e+00 -3.2905807546e+01 4.1820664075e+01 1.3693758772e+01 -3.4596584551e+01 1.3693767135e+01 3.4596584551e+01 0.0000000000e+00 nan nan nan nan nan nan
8.9304022338e-05 1.2266056461e-04 -1.0082062149e+01 4.8787334568e+00 -2.0300514718e+01 1.2270088784e+01 -8.1071493710e+00 -2.2275427496e+01 2.2801767478e-05 2.2275430675e+01 0.0000000000e+00 nan nan nan nan nan nan
4.5907393659e-05 1.2309771978e-04 -2.8010234940e+01 -7.2878118295e+00 -3.6478146508e+01 1.4471504419e+01 -2.3889063752e+01 -4.0599317696e+01 1.0848914368e-05 4.0599317696e+01 0.0000000000e+00 nan nan nan nan nan nan
2.1941398128e-05 9.5817176344e-05 9.1718612009e+00 -4.7222386089e+00 -3.3085705047e+01 3.7496614485e+01 9.6917585434e+00 -3.3605602389e+01 9.6956437665e+00 3.3605602389e+01 0.0000000000e+00 nan nan nan nan nan nan
7.2909526390e-07 9.5262788932e-05 9.0689917586e+00 -6.6040736724e+00 -3.5680255721e+01 4.0405809633e+01 1.0022673087e+01 -3.6633937050e+01 1.0026255426e+01 3.6633937050e+01 0.0000000000e+00 nan nan nan nan nan nan
2.0379737091e-04 1.4946384485e-04 6.5361076989e-01 -6.0774411979e+00 -1.1513724545e+01 1.4893204855e+01 3.1685389442e+00 -1.4028652720e+01 3.1686213072e+00 1.4028652720e+01 0.0000000000e+00 nan nan nan nan nan nan
3.1437192507e-04 1.3232741300e-05 -1.6966392121e+00 -9.9890568348e+00 -1.0012812737e+01 1.8738716170e+01 4.9640768506e+00 -1.6673528800e+01 4.9640768506e+00 1.6673528800e+01 0.0000000000e+00 nan nan nan nan nan nan
2.2459693960e-04 9.6695344511e-05 -4.3183206861e+00 -4.9201921390e+00 -1.2909441385e+01 1.1311437883e+01 -2.0832193289e+00 -1.5144542742e+01 -9.7454760546e-05 1.5144542742e+01 0.0000000000e+00 nan nan nan nan nan nan
-2.6846601286e-04 4.1191894999e-05 7.3304867386e+01 4.6073541487e+01 -9.9195428711e+00 1.0752575063e+02 9.3772683329e+01 -3.0387358815e+01 9.3772683329e+01 3.0387358815e+01 0.0000000000e+00 nan nan nan nan nan nan
-3.3656507768e-04 3.8911268792e-05 4.2964566579e+01 3.2096746701e+01 2.4892010638e+00 6.5683723303e+01 6.0649399151e+01 -1.5195631509e+01 6.0649399151e+01 1.5195631468e+01 0.0000000000e+00 nan nan nan nan nan nan
-3.1039360233e-04 5.0981882635e-05 4.1351368518e+01 2.7451235026e+01 -3.0354573317e+00 6.1152260639e+01 5.4464229735e+01 -1.6148318548e+01 5.4464229735e+01 1.6148318548e+01 0.0000000000e+00 nan nan nan nan nan nan
3.5813932375e-04 1.1813457952e-05 7.6341594463e-01 -1.4219382578e+01 4.2892046808e+00 2.4814431671e+01 1.6852929118e+01 -1.1800308492e+01 1.6852929118e+01 1.1800311719e+01 0.0000000000e+00 nan nan nan nan nan nan
1.1110908656e-04 1.2200395969e-04 -1.0066326697e+01 7.1343181612e-01 -1.7577417942e+01 6.6065607969e+00 -1.0007572665e+01 -1.7636171974e+01 -5.9358705872e-08 1.7636171974e+01 0.0000000000e+00 nan nan nan nan nan nan
1.3426638691e-04 1.4965498852e-04 -3.5173008547e+00 -1.9679324130e+00 -1.6743528318e+01 1.1956152790e+01 -3.2275265549e+00 -1.7033302618e+01 4.3100286822e-02 1.7033302618e+01 0.0000000000e+00 nan nan nan nan nan nan
-1.8006498279e-04 6.7763945053e-05 4.0942650784e+01 2.4529727469e+01 -3.0693759205e+01 7.5190300212e+01 4.8535585857e+01 -3.8286694278e+01 4.8535585857e+01 3.8286694278e+01 0.0000000000e+00 nan nan nan nan nan nan
1.8105993598e-04 6.7549175199e-05 2.7827563625e+00 -5.1499990204e+00 -1.5671250367e+01 1.8310663240e+01 4.1274193482e+00 -1.7015913353e+01 4.1663611078e+00 1.7015913353e+01 0.0000000000e+00 nan nan nan nan nan nan
-4.4435532432e-05 4.2013961046e-05 1.0030340405e+02 -2.7759602880e+00 -4.4490912290e+01 1.2548709141e+02 1.0035625188e+02 -4.4543760124e+01 1.0035625188e+02 4.4543760124e+01 0.0000000000e+00 nan nan nan nan nan nan
-6.6885526590e-05 4.0264908738e-05 1.0379392126e+02 1.5832388707e+00 -4.5581293623e+01 1.2939107963e+02 1.0381028848e+02 -4.5597660836e+01 1.0381028848e+02 4.5597660836e+01 0.0000000000e+00 nan nan nan nan nan nan
-8.9238768070e-05 4.1973291331e-05 9.9451123871e+01 6.2429222654e+00 -4.5014376755e+01 1.2557632640e+02 9.9719899411e+01 -4.5283152296e+01 9.9719899411e+01 4.5283152296e+01 0.0000000000e+00 nan nan nan nan nan nan
-2.1833507983e-05 4.0591115696e-05 1.0350144843e+02 -6.7088435609e+00 -4.2589493933e+01 1.2705040920e+02 1.0380856520e+02 -4.2896610703e+01 1.0380856520e+02 4.2896610703e+01 0.0000000000e+00 nan nan nan nan nan nan
-6.5924072861e-05 9.4851319883e-05 1.2498447970e+01 1.1941842475e+00 -3.5281770736e+01 4.1429346483e+01 1.2527582962e+01 -3.5310905727e+01 1.2527816310e+01 3.5310905727e+01 0.0000000000e+00 nan nan nan nan nan nan
2.2305539655e-05 4.1849574223e-05 9.6833827782e+01 -1.4133679005e+01 -3.1530791622e+01 1.1382924068e+02 9.8370860830e+01 -3.3067824669e+01 9.8370860829e+01 3.3067824669e+01 0.0000000000e+00 nan nan nan nan nan nan
1.7945572025e-04 4.1054384393e-05 2.6475709186e+01 -1.0412342759e+01 -1.5623952754e+01 4.0676268280e+01 2.8910332657e+01 -1.8058576225e+01 2.8910332674e+01 1.8058576225e+01 0.0000000000e+00 nan nan nan nan nan nan
1.5684178587e-04 4.0320607029e-05 3.2484031085e+01 -1.0013362081e+01 -1.8017505147e+01 4.7049148552e+01 3.4397101551e+01 -1.9930575612e+01 3.4397101549e+01 1.9930575612e+01 0.0000000000e+00 nan nan nan nan nan nan
-2.4715846925e-04 1.4039198574e-05 2.0141391775e+02 5.0509182564e+01 -2.6708538021e+01 2.1605774211e+02 2.1209368543e+02 -3.7388305703e+01 2.1209368543e+02 3.7388305703e+01 0.0000000000e+00 nan nan nan nan nan nan
3.5379418449e-04 7.1056127111e-05 -5.3647797542e+00 -1.0391264438e+01 3.5169487065e+00 1.9568823447e+01 1.0374149961e+01 -1.2221981009e+01 1.0374149961e+01 1.2221981009e+01 0.0000000000e+00 nan nan nan nan nan nan
-2.4132000416e-04 8.1429436675e-05 -7.2304088849e+00 2.2745637497e+01 -1.9768292146e+01 4.0857202774e+01 1.0089566505e+01 -3.7088267536e+01 1.0089566505e+01 3.7088267536e+01 0.0000000000e+00 nan nan nan nan nan nan
-1.1185336380e-04 4.0435404011e-05 1.0243802519e+02 1.1378490558e+01 -4.4405488517e+01 1.2868721858e+02 1.0331386862e+02 -4.5281331954e+01 1.0331386862e+02 4.5281331954e+01 0.0000000000e+00 nan nan nan nan nan nan
1.1272451295e-04 1.4865132333e-04 -3.3201766065e+00 -1.6266571720e+00 -1.7049225139e+01 1.2225302913e+01 -3.1264189447e+00 -1.7242982801e+01 5.5547235354e-02 1.7242983158e+01 0.0000000000e+00 nan nan nan nan nan nan
-2.2327301257e-04 8.8801773000e-05 -5.9884863673e+00 2.0245958767e+01 -2.2617505379e+01 3.7903020905e+01 7.5803234496e+00 -3.6186315196e+01 7.5803234496e+00 3.6186315196e+01 1.0000000000e+00 1.6917201420e+01 1.6016271736e+01 5.4470857860e+00 2.2611231047e+01 -3.2198504060e-01 9.4674475632e-01
-2.6809210659e-04 1.2897404498e-05 2.1165027908e+02 6.0191172739e+01 -1.2931413794e+01 2.2066470088e+02 2.2676025710e+02 -2.8041391814e+01 2.2676025710e+02 2.8041391814e+01 0.0000000000e+00 nan nan nan nan nan nan
2.4740217607e-04 9.5041508024e-05 -3.3625414528e+00 -6.3939254787e+00 -1.1269746982e+01 1.3019857146e+01 2.0087381059e-01 -1.4833162245e+01 1.6845816588e-01 1.4833162245e+01 0.0000000000e+00 nan nan nan nan nan nan
3.1766534652e-04 1.0627871818e-04 -3.8511694481e+00 -8.7925605076e+00 -3.6231108989e+00 1.5228453053e+01 5.0550112959e+00 -1.2529291643e+01 5.0550112959e+00 1.2529291643e+01 0.0000000000e+00 nan nan nan nan nan nan
2.8936247099e-04 1.2282117595e-04 -2.5903938073e+00 -8.0447451273e+00 -6.5932573065e+00 1.4357561049e+01 3.6975161799e+00 -1.2881167294e+01 3.6975161799e+00 1.2881167294e+01 0.0000000000e+00 nan nan nan nan nan nan
-1.1249837791e-04 1.1428086874e-04 -5.7478855071e+00 8.6092367046e+00 -3.0335560973e+01 2.5992969772e+01 -3.0346751453e+00 -3.3048771335e+01 1.0509064058e-02 3.3048771335e+01 0.0000000000e+00 nan nan nan nan nan nan
-1.4171169926e-04 1.1030796193e-04 -4.2454379447e+00 1.1690878768e+01 -2.9105460277e+01 2.9551954366e+01 3.8637969734e-01 -3.3737277919e+01 2.6468945777e-01 3.3737277919e+01 1.0000000000e+00 1.8943772879e+01 1.8580074473e+01 3.6942338128e+00 2.1610243928e+01 -1.9501045734e-01 9.8080116309e-01
-2.5273763276e-04 7.7780423326e-05 -9.4890917624e+00 2.3791492562e+01 -1.7656580357e+01 4.1792052808e+01 1.0555816879e+01 -3.7701488998e+01 1.0555816879e+01 3.7701488998e+01 1.0000000000e+00 1.5338442363e+01 1.4208576408e+01 5.7779036488e+00 2.2961542642e+01 -3.7669428956e-01 9.2633763403e-01
-2.5515054401e-04 7.6180947979e-05 -8.4954975875e+00 2.4616671595e+01 -1.6990950640e+01 4.3248429274e+01 1.2226268169e+01 -3.7712716397e+01 1.2226268169e+01 3.7712716397e+01 0.0000000000e+00 nan nan nan nan nan nan
-1.6303021835e-04 1.0583361600e-04 -3.6020239589e+00 1.3963671767e+01 -2.7986523951e+01 3.2104378219e+01 2.7411974522e+00 -3.4329745362e+01 2.7672396222e+00 3.4329745362e+01 1.0000000000e+00 1.8660582323e+01 1.8191141836e+01 4.1592897651e+00 2.1856253661e+01 -2.2289174545e-01 9.7484320268e-01
-2.9046936335e-04 6.0940063285e-05 -4.4300139855e+00 3.0106849462e+01 -7.9878851051e+00 5.2173247043e+01 2.3913288680e+01 -3.6331187770e+01 2.3913288680e+01 3.6331187770e+01 0.0000000000e+00 nan nan nan nan nan nan
-1.7048073771e-04 1.0422925633e-04 -3.6994320409e+00 1.4729580736e+01 -2.7512987077e+01 3.2802116826e+01 3.3321014207e+00 -3.4544520538e+01 3.3406286377e+00 3.4544520538e+01 1.0000000000e+00 1.8514024499e+01 1.7997891499e+01 4.3410833612e+00 2.1953516515e+01 -2.3447540330e-01 9.7212205265e-01
3.2100811822e-04 1.0332131594e-04 -3.9978462457e+00 -8.9232948935e+00 -3.1713481477e+00 1.5470155317e+01 5.3471011398e+00 -1.2516295533e+01 5.3471011398e+00 1.2516295533e+01 0.0000000000e+00 nan nan nan nan nan nan
3.4422625894e-04 8.0960548651e-05 -4.9571464995e+00 -9.9523438705e+00 1.0111126796e+00 1.7991807355e+01 8.4145579099e+00 -1.2360591730e+01 8.4145579099e+00 1.2360591730e+01 0.0000000000e+00 nan nan nan nan nan nan
-1.2494798209e-04 1.1284474447e-04 -4.9690022541e+00 9.9388734090e+00 -2.9846594182e+01 2.7575195797e+01 -1.4872515016e+00 -3.3328344934e+01 -1.4628375811e-02 3.3328344934e+01 0.0000000000e+00 nan nan nan nan nan nan
-3.0903179348e-04 5.3379267283e-05 2.8263454231e+01 3.1391649320e+01 -4.1218016023e+00 6.0845141686e+01 4.7199785246e+01 -2.3058132617e+01 4.7199785246e+01 2.3058132617e+01 1.0000000000e+00 9.2051691816e+00 8.6318894843e+00 3.1977528971e+00 2.3154226018e+01 -3.4738665136e-01 9.3772198143e-01
-3.0621350011e-04 5.4220792159e-05 1.8370018105e+01 3.2254111859e+01 -4.9689688482e+00 5.9082021248e+01 4.0811545500e+01 -2.7410496244e+01 4.0811545500e+01 2.7410496244e+01 1.0000000000e+00 9.2051691816e+00 8.6318894843e+00 3.1977528971e+00 2.3154226018e+01 -3.4738665136e-01 9.3772198143e-01
-3.0348127478e-04 5.5187608295e-05 1.1956520834e+01 3.2418516381e+01 -5.1224102417e+00 5.7877642931e+01 3.6832728022e+01 -2.9998617430e+01 3.6832728022e+01 2.9998617430e+01 1.0000000000e+00 9.8272862109e+00 9.0927138378e+00 3.7280168099e+00 2.3216342145e+01 -3.7935364147e-01 9.2525175747e-01
-2.9975218302e-04 5.8881124428e-05 -5.9079669039e+00 3.0108349806e+01 -6.0428131309e+00 5.1975411725e+01 2.4032627933e+01 -3.5983407968e+01 2.4032627933e+01 3.5983407968e+01 1.0000000000e+00 1.0408011572e+01 9.5479460129e+00 4.1428772390e+00 2.3251923885e+01 -3.9804694781e-01 9.1736504584e-01
-2.8296673092e-04 6.4888413960e-05 -8.8567630984e+00 2.8133757292e+01 -1.0214311945e+01 4.8706715078e+01 1.8585297540e+01 -3.7656372583e+01 1.8585297540e+01 3.7656372583e+01 1.0000000000e+00 1.2799333227e+01 1.1631471455e+01 5.3415169040e+00 2.3229424174e+01 -4.1732774741e-01 9.0875604605e-01
-2.6183867063e-04 7.3912686867e-05 -9.5296403961e+00 2.5231267599e+01 -1.5507114656e+01 4.3986958852e+01 1.2877505008e+01 -3.7914260060e+01 1.2877505008e+01 3.7914260060e+01 0.0000000000e+00 nan nan nan nan nan nan
-2.9580712694e-04 5.8811259778e-05 -1.4719929118e+00 3.0976439224e+01 -6.6614381688e+00 5.3733385792e+01 2.6956269211e+01 -3.5089700292e+01 2.6956269211e+01 3.5089700292e+01 1.0000000000e+00 1.0948861799e+01 9.9897251135e+00 4.4814023304e+00 2.3267272401e+01 -4.0930303193e-01 9.1239850288e-01
-2.4619809994e-04 8.0557373399e-05 -9.3667332866e+00 2.2718876502e+01 -1.9133033768e+01 4.0234638327e+01 8.9795957415e+00 -3.7479362796e+01 8.9795957415e+00 3.7479362796e+01 1.0000000000e+00 1.5820895573e+01 1.4738161420e+01 5.7521591335e+00 2.2879172130e+01 -3.6357986859e-01 9.3156303016e-01
3.0754195026e-04 1.1552306061e-04 -3.3843108738e+00 -8.3905843772e+00 -4.8354400509e+00 1.4585711693e+01 4.3111891100e+00 -1.2530940035e+01 4.3111891100e+00 1.2530940035e+01 0.0000000000e+00 nan nan nan nan nan nan
-3.1318500866e-04 4.1516226400e-05 4.8276289017e+01 3.1041492418e+01 -2.3258564284e+00 6.9414001024e+01 6.3051408471e+01 -1.7100975882e+01 6.3051408471e+01 1.7100975882e+01 0.0000000000e+00 nan nan nan nan nan nan
-3.3078601903e-04 4.6592681628e-05 3.5640142280e+01 2.8236962033e+01 4.3767131839e-01 5.7631237345e+01 5.1312317194e+01 -1.5234503595e+01 5.1312317194e+01 1.5234503586e+01 0.0000000000e+00 nan nan nan nan nan nan
-3.2489766987e-04 4.8716307175e-05 3.4240230098e+01 2.4657845182e+01 -4.8676228424e+00 5.4482227847e+01 4.6141632541e+01 -1.6769025285e+01 4.6141632541e+01 1.6769025288e+01 0.0000000000e+00 nan nan nan nan nan nan
5.1212344738e-05 1.3246937679e-04 -5.0624075049e+01 -1.3103296492e+01 -3.8212371521e+01 2.4994498787e+01 -2.9987642682e+01 -5.8848803888e+01 -1.9792983431e-07 5.8848803959e+01 1.0000000000e+00 9.3618386255e+00 9.1497066789e+00 1.9816382468e+00 2.0051375561e+01 -2.1167190827e-01 9.7734078153e-01
3.8114219764e-04 1.2721653543e-05 3.4398273970e+00 -1.8503183009e+01 2.0274150030e+01 3.5183783546e+01 3.2170355615e+01 -8.4563781879e+00 3.2170355615e+01 8.4516204758e+00 0.0000000000e+00 nan nan nan nan nan nan
4.4849979395e-05 9.6394986504e-05 1.1432437879e+01 3.5799815763e+00 -2.3549984905e+01 3.0915372720e+01 1.1790225249e+01 -2.3907772275e+01 1.1789677770e+01 2.3907772275e+01 0.0000000000e+00 nan nan nan nan nan nan
2.0227181288e-04 4.1667815266e-05 2.2795289690e+01 -1.0984274599e+01 -1.4413454333e+01 3.7421040978e+01 2.5795965761e+01 -1.7414130403e+01 2.5796001467e+01 1.7414130403e+01 0.0000000000e+00 nan nan nan nan nan nan
-1.4875997762e-04 1.0837836391e-04 -3.4723166480e+00 1.2515581105e+01 -2.8810136258e+01 3.0842623275e+01 1.6657703975e+00 -3.3948223303e+01 1.6500261188e+00 3.3948223303e+01 0.0000000000e+00 nan nan nan nan nan nan
-1.8657726833e-04 9.9984734846e-05 -3.8146597123e+00 1.6482115403e+01 -2.6353915224e+01 3.4579412098e+01 4.8801454149e+00 -3.5048720351e+01 4.8801480181e+00 3.5048720351e+01 1.0000000000e+00 1.8166061701e+01 1.7549221970e+01 4.6936772323e+00 2.2145908850e+01 -2.5837615822e-01 9.6604438866e-01
-3.5700784078e-04 1.3550098946e-05 6.3292953080e+01 4.0669205023e+01 5.5705346730e+00 8.6345316888e+01 8.4283235825e+01 -1.5419748072e+01 8.4283235825e+01 1.5419793468e+01 0.0000000000e+00 nan nan nan nan nan nan
3.3566814497e-04 4.0528592391e-05 -1.2439395881e+00 -1.2623940366e+01 -1.9809282508e+00 2.1870461115e+01 1.1014482693e+01 -1.4239350532e+01 1.1014482693e+01 1.4239350532e+01 0.0000000000e+00 nan nan nan nan nan nan
-1.1782072522e-04 1.1481032646e-04 -6.2983070844e+00 9.1494673944e+00 -3.0019775574e+01 2.5941718416e+01 -3.1815832183e+00 -3.3136499440e+01 9.2648842625e-03 3.3136499440e+01 1.0000000000e+00 1.9125111872e+01 1.8867382496e+01 3.1291822972e+00 2.1310860510e+01 -1.6361641794e-01 9.8652403305e-01
-1.0555799143e-04 1.1624626712e-04 -7.3714719024e+00 7.8649707855e+00 -3.0445951765e+01 2.4180272616e+01 -4.9482249296e+00 -3.2869198738e+01 -1.0989615542e-03 3.2869198738e+01 0.0000000000e+00 nan nan nan nan nan nan
-1.0819878129e-04 1.1646436885e-04 -7.5273287073e+00 8.1454314192e+00 -3.0305227582e+01 2.4248380647e+01 -4.9164690506e+00 -3.2916087239e+01 -1.7835864535e-03 3.2916087239e+01 1.0000000000e+00 1.9143721816e+01 1.8930560214e+01 2.8488550227e+00 2.1160077555e+01 -1.4881406291e-01 9.8886519540e-01
-3.6506149142e-04 2.5363193051e-05 7.1396251338e+01 6.5942608381e+01 4.1718552179e+01 1.1700490574e+02 1.2411021558e+02 -1.0995412065e+01 1.2411021558e+02 1.0996300598e+01 1.0000000000e+00 7.6115756531e+00 5.8766290993e+00 4.8374905015e+00 2.4016300697e+01 -6.3554390339e-01 7.7206472971e-01
-3.5068662655e-04 3.5402246042e-05 5.3840178847e+01 4.8572048719e+01 2.3549090674e+01 8.8082535532e+01 8.9549110361e+01 -1.2159840840e+01 8.9549110361e+01 1.2159833052e+01 0.0000000000e+00 nan nan nan nan nan nan
-3.4473559157e-04 3.8841861692e-05 4.8186859642e+01 4.2612323906e+01 1.6965558478e+01 7.8548472808e+01 7.7926190980e+01 -1.2773772860e+01 7.7926190980e+01 1.2773774014e+01 0.0000000000e+00 nan nan nan nan nan nan
-3.7682825420e-04 1.2889286666e-05 9.1420924457e+01 7.8814489831e+01 5.1005360001e+01 1.4088175584e+02 1.5255126189e+02 -1.0124977429e+01 1.5255126189e+02 1.0090090889e+01 0.0000000000e+00 nan nan nan nan nan nan
-3.6781621886e-04 2.0828858335e-05 7.6486027914e+01 6.6821660975e+01 3.9762612485e+01 1.1998490628e+02 1.2739763814e+02 -1.1148997739e+01 1.2739763814e+02 1.1149010170e+01 0.0000000000e+00 nan nan nan nan nan nan
1.0804234140e-04 1.5752229880e-04 4.2313553449e+00 -9.1161702777e-01 -1.7150140289e+01 1.8575485969e+01 4.2651693527e+00 -1.7183954296e+01 4.3012180952e+00 1.7183954710e+01 1.0000000000e+00 2.5851062413e+01 2.5217692240e+01 5.6873039289e+00 1.9436357160e+01 -2.2000271548e-01 9.7549925945e-01
3.8184657644e-04 3.1238686251e-05 -5.6213624815e+00 -1.2912622245e+01 1.8929907483e+01 3.0830967665e+01 2.4454539981e+01 -1.1145994980e+01 2.4454539981e+01 1.1146106340e+01 1.0000000000e+00 2.2263508903e+00 9.6277692375e-01 -2.0074109898e+00 1.3711952874e+01 9.0165975117e-01 4.3244617367e-01
-2.8797678782e-04 6.2297109725e-05 -6.4032471936e+00 2.9378027284e+01 -8.7328097902e+00 5.0869398377e+01 2.1801432354e+01 -3.6937489338e+01 2.1801432354e+01 3.6937489338e+01 1.0000000000e+00 1.1933768086e+01 1.0838803901e+01 4.9935108634e+00 2.3263325140e+01 -4.1843538665e-01 9.0824656740e-01
-2.6902594589e-04 6.8799124407e-05 -5.2382854731e+00 2.8009681834e+01 -1.3338682885e+01 4.9001393706e+01 1.9002483667e+01 -3.7579452026e+01 1.9002483667e+01 3.7579452026e+01 0.0000000000e+00 nan nan nan nan nan nan
-2.7095050381e-04 6.9859248041e-05 -9.1965728494e+00 2.6649760935e+01 -1.3278875903e+01 4.6271683797e+01 1.5477244720e+01 -3.7952693472e+01 1.5477244720e+01 3.7952693472e+01 1.0000000000e+00 1.3901257164e+01 1.2703673415e+01 5.6446109258e+00 2.3145887786e+01 -4.0605039236e-01 9.1385068740e-01
-2.7341396300e-04 6.8489187704e-05 -8.4422620863e+00 2.7278303401e+01 -1.2575764596e+01 4.7351705071e+01 1.6829506327e+01 -3.7847533010e+01 1.6829506327e+01 3.7847533010e+01 0.0000000000e+00 nan nan nan nan nan nan
-2.9156162817e-04 4.1410844285e-05 6.1352715212e+01 3.6110499860e+01 -8.7276929829e-02 8.2120804176e+01 7.8045187538e+01 -1.6779749256e+01 7.8045187538e+01 1.6779749256e+01 0.0000000000e+00 nan nan nan nan nan nan
3.4149796981e-04 8.8535131671e-05 -5.0256809516e+00 -9.4322454809e+00 2.1257045392e-01 1.6951397175e+01 7.3803384735e+00 -1.2193448971e+01 7.3803384735e+00 1.2193448971e+01 1.0000000000e+00 1.3836791023e+01 9.8018078627e+00 -9.7663375146e+00 1.3802156761e+01 7.0582387911e-01 7.0838735991e-01
3.4841544330e-04 8.1930549505e-05 -5.3736052472e+00 -9.6575606530e+00 1.7457505303e+00 1.7823386750e+01 8.4764097795e+00 -1.2104264497e+01 8.4764097795e+00 1.2104264497e+01 1.0000000000e+00 1.1943603172e+01 7.9780651760e+00 -8.8882018868e+00 1.3695208333e+01 7.4418094429e-01 6.6797808509e-01
3.3496642871e-04 1.4642293965e-05 -8.7917669578e-01 -1.2257459392e+01 -5.2496073411e+00 2.1561416800e+01 9.3840977751e+00 -1.5512881812e+01 9.3840977751e+00 1.5512881812e+01 0.0000000000e+00 nan nan nan nan nan nan
3.3158658036e-04 9.8110721546e-05 -4.5583013366e+00 -9.0557859264e+00 -1.6350487457e+00 1.5885309366e+01 6.0747125974e+00 -1.2268062680e+01 6.0747125974e+00 1.2268062680e+01 1.0000000000e+00 1.5608202010e+01 1.1635463296e+01 -1.0403459227e+01 1.3936185675e+01 6.6653796637e-01 7.4547108555e-01
3.3465198240e-04 9.1368401639e-05 -4.5948531230e+00 -9.4458411247e+00 -9.9758859092e-01 1.6651506480e+01 6.8175308916e+00 -1.2409972606e+01 6.8175308916e+00 1.2409972606e+01 0.0000000000e+00 nan nan nan nan nan nan
-9.0718617891e-05 1.1759919119e-04 -9.0362686955e+00 6.2615745233e+00 -3.0911809091e+01 2.1825609656e+01 -7.3730172829e+00 -3.2575060504e+01 -8.1928558807e-04 3.2575060504e+01 0.0000000000e+00 nan nan nan nan nan nan
3.1262643945e-04 6.7412730781e-05 -2.4429137228e+00 -1.0240883841e+01 -5.3073379925e+00 1.7908236512e+01 6.4641993135e+00 -1.4214451029e+01 6.4641993135e+00 1.4214451029e+01 0.0000000000e+00 nan nan nan nan nan nan
2.8942428806e-04 6.7206548267e-05 -2.3605535392e+00 -8.6514202504e+00 -8.8791454149e+00 1.6011191897e+01 3.6242164749e+00 -1.4863915429e+01 3.6242164062e+00 1.4863915429e+01 0.0000000000e+00 nan nan nan nan nan nan
2.0135317897e-04 1.2299713873e-04 -3.8195192711e+00 -4.9456074960e+00 -1.2728023418e+01 1.1527626565e+01 -1.6182930437e+00 -1.4929249645e+01 -2.9180561585e-03 1.4929249645e+01 0.0000000000e+00 nan nan nan nan nan nan
2.2390474768e-04 1.5166833076e-04 7.8763590482e-01 -6.4538077954e+00 -1.0523659703e+01 1.4861837464e+01 3.7124739612e+00 -1.3448497759e+01 3.7124727719e+00 1.3448497759e+01 0.0000000000e+00 nan nan nan nan nan nan
-2.3452551221e-04 8.4317147752e-05 -6.6872786216e+00 2.1611759003e+01 -2.0913659958e+01 3.9402703659e+01 8.9486922748e+00 -3.6549630854e+01 8.9486922748e+00 3.6549630854e+01 0.0000000000e+00 nan nan nan nan nan nan
2.5398345416e-04 1.4435135333e-04 -6.4013273824e-01 -7.0584364663e+00 -8.9820508116e+00 1.4199812104e+01 3.3871735659e+00 -1.3009357116e+01 3.3871735673e+00 1.3009357116e+01 1.0000000000e+00 2.5047316237e+01 2.3311893593e+01 -9.1609861783e+00 1.5476683271e+01 3.6574721586e-01 9.3071422794e-01
-2.0293042225e-04 1.3591580549e-05 1.8832636091e+02 3.3523428281e+01 -4.1231287442e+01 2.0710623643e+02 1.9312037809e+02 -4.6025304617e+01 1.9312037809e+02 4.6025304617e+01 0.0000000000e+00 nan nan nan nan nan nan
9.0473273260e-05 6.8756976011e-05 2.0530618256e+01 -3.6169104812e+00 -2.2506481271e+01 3.7797695667e+01 2.0834578261e+01 -2.2810441275e+01 2.0834578207e+01 2.2810441275e+01 0.0000000000e+00 nan nan nan nan nan nan
-2.0003094653e-04 9.5171431609e-05 -3.2576014324e+00 1.8271006236e+01 -2.5187800476e+01 3.6905215725e+01 7.0845352795e+00 -3.5529937188e+01 7.0845352800e+00 3.5529937188e+01 0.0000000000e+00 nan nan nan nan nan nan
-1.9114204145e-04 9.7905561366e-05 -3.1124938421e+00 1.7229858629e+01 -2.5996950507e+01 3.5822074773e+01 6.1271623383e+00 -3.5236606688e+01 6.1271624846e+00 3.5236606688e+01 0.0000000000e+00 nan nan nan nan nan nan
-1.3464085437e-04 1.1151607888e-04 -4.5519529952e+00 1.0949800556e+01 -2.9426586584e+01 2.8698209015e+01 -4.2035108964e-01 -3.3558188490e+01 -1.2095370753e-01 3.3558188490e+01 1.0000000000e+00 1.9024312837e+01 1.8698461111e+01 3.5059992856e+00 2.1510721000e+01 -1.8429045588e-01 9.8287182678e-01
-1.3200151064e-04 1.1120673493e-04 -4.0646593472e+00 1.0731780325e+01 -2.9609392369e+01 2.8892476372e+01 -1.5594684696e-01 -3.3518104869e+01 -8.2512682471e-02 3.3518104869e+01 0.0000000000e+00 nan nan nan nan nan nan
-1.3724103966e-04 1.1161091270e-04 -4.8758235356e+00 1.1169927057e+01 -2.9265794795e+01 2.8641194619e+01 -5.3480774179e-01 -3.3606810588e+01 -1.2588594900e-01 3.3606810588e+01 1.0000000000e+00 1.8986317789e+01 1.8641861738e+01 3.6001741800e+00 2.1560537823e+01 -1.8961939961e-01 9.8185766957e-01
-1.1183276094e-04 1.3364272442e-05 1.7350286630e+02 1.0866168855e+01 -5.0453487322e+01 1.9486225164e+02 1.7402846293e+02 -5.0979083951e+01 1.7402846293e+02 5.0979083951e+01 0.0000000000e+00 nan nan nan nan nan nan
8.9153844989e-05 1.4328974032e-05 1.9279933291e+02 -4.0374351947e+01 -1.5463900752e+01 1.9343943889e+02 2.0035002820e+02 -2.3014596035e+01 2.0035002820e+02 2.3014596035e+01 0.0000000000e+00 nan nan nan nan nan nan
-2.2342117796e-04 6.8324914021e-05 2.5250194835e+01 3.0524955320e+01 -2.2615976569e+01 6.7179630297e+01 4.0103286769e+01 -3.7469068503e+01 4.0103286769e+01 3.7469068503e+01 0.0000000000e+00 nan nan nan nan nan nan
4.4247613053e-05 4.1161008883e-05 9.3847914252e+01 -2.0179836837e+01 -2.1889734705e+01 1.0614610187e+02 9.7262570263e+01 -2.5304390716e+01 9.7262570263e+01 2.5304390716e+01 0.0000000000e+00 nan nan nan nan nan nan
-6.5872502447e-05 1.3357238533e-05 1.7259817193e+02 1.9462450669e+00 -5.0872805532e+01 1.9356041001e+02 1.7261483802e+02 -5.0889471627e+01 1.7261483802e+02 5.0889471627e+01 0.0000000000e+00 nan nan nan nan nan nan
-4.4846448438e-05 1.4900322327e-05 1.6898151528e+02 -1.9799693268e+00 -4.9602060139e+01 1.8932949050e+02 1.6899915988e+02 -4.9619704738e+01 1.6899915988e+02 4.9619704738e+01 0.0000000000e+00 nan nan nan nan nan nan
4.4698633042e-05 1.3904210481e-05 1.7964884641e+02 -2.1238326000e+01 -3.1031752943e+01 1.8612407821e+02 1.8176733339e+02 -3.3150239919e+01 1.8176733339e+02 3.3150239919e+01 0.0000000000e+00 nan nan nan nan nan nan
-1.5594472619e-04 1.0706212333e-04 -3.4180202857e+00 1.3264035950e+01 -2.8416332102e+01 3.1564523754e+01 2.3066100924e+00 -3.4140962480e+01 2.3301829013e+00 3.4140962480e+01 0.0000000000e+00 nan nan nan nan nan nan
-1.5393923041e-04 1.0893954806e-04 -4.7403577009e+00 1.2815329186e+01 -2.8422771218e+01 3.0219375241e+01 8.6559997088e-01 -3.4028728889e+01 7.6723541728e-01 3.4028728889e+01 1.0000000000e+00 1.8787440741e+01 1.8362206076e+01 3.9745839580e+00 2.1758372295e+01 -2.1155536897e-01 9.7736601428e-01
2.4703186212e-04 1.2060141631e-04 -2.2599541379e+00 -7.0338070604e+00 -9.9966772298e+00 1.3903350278e+01 1.8987873418e+00 -1.4155418710e+01 1.8988334250e+00 1.4155418710e+01 0.0000000000e+00 nan nan nan nan nan nan
-2.2528577018e-04 1.3748729882e-05 1.9517644141e+02 4.1321897046e+01 -3.5647058579e+01 2.1232177609e+02 2.0234872599e+02 -4.2819343165e+01 2.0234872599e+02 4.2819343165e+01 0.0000000000e+00 nan nan nan nan nan nan
-4.6020591770e-05 9.4982011205e-05 1.1246318168e+01 -2.0613135209e+00 -3.5852545053e+01 4.0943868968e+01 1.1335840328e+01 -3.5942067213e+01 1.1335009261e+01 3.5942067213e+01 0.0000000000e+00 nan nan nan nan nan nan
9.1944042043e-06 1.2765265223e-04 -3.9776730240e+01 -5.5484396444e+00 -3.4092079009e+01 1.0701565921e+01 -3.0755852659e+01 -4.3112956590e+01 -1.7260296181e-08 4.3112956590e+01 1.0000000000e+00 1.4979901703e+01 1.4938403549e+01 1.1142506203e+00 1.9896766311e+01 -7.4383039514e-02 9.9722974456e-01
2.4567002619e-05 1.2870964431e-04 -4.3091377239e+01 -7.0836752314e+00 -3.3834313336e+01 1.4599070023e+01 -3.0034068280e+01 -4.6891622295e+01 2.9811817753e-09 4.6891622295e+01 0.0000000000e+00 nan nan nan nan nan nan
-2.3405651372e-05 9.5657282328e-05 9.0807536474e+00 -5.1108445187e+00 -3.6118807782e+01 4.0131669611e+01 9.6510031858e+00 -3.6689057320e+01 9.6542721475e+00 3.6689057320e+01 0.0000000000e+00 nan nan nan nan nan nan
-1.3321336859e-04 6.7408664594e-05 4.8457172529e+01 1.4906143777e+01 -3.6547710959e+01 7.8010913525e+01 5.0994352709e+01 -3.9084891138e+01 5.0994352709e+01 3.9084891138e+01 0.0000000000e+00 nan nan nan nan nan nan
-5.0025773210e-07 1.2242161360e-04 -2.9823548037e+01 -5.0211534349e+00 -3.3944485970e+01 9.3452693667e+00 -2.6488523219e+01 -3.7279510788e+01 1.5414488486e-06 3.7279510788e+01 0.0000000000e+00 nan nan nan nan nan nan
-1.1905316787e-06 1.2674711085e-04 -3.5865991899e+01 -3.9078864750e+00 -3.3194059898e+01 7.0043392452e+00 -3.0486068750e+01 -3.8573983048e+01 9.0021979060e-08 3.8573983047e+01 1.0000000000e+00 1.5681363136e+01 1.5642849272e+01 1.0983699027e+00 1.9945973735e+01 -7.0043011771e-02 9.9754397221e-01
-3.6620936284e-06 1.2646684578e-04 -3.4791014211e+01 -3.5634922614e+00 -3.3054416643e+01 6.2332585928e+00 -3.0323941900e+01 -3.7521488953e+01 1.1887373957e-07 3.7521488953e+01 1.0000000000e+00 1.5994231303e+01 1.5956013176e+01 1.1050242049e+00 1.9975655676e+01 -6.9088922373e-02 9.9761050556e-01
-8.6357853604e-06 1.2595562797e-04 -3.2697577153e+01 -2.8975196400e+00 -3.2809574661e+01 4.8166255711e+00 -2.9972695837e+01 -3.5534455977e+01 7.1112422407e-08 3.5534455977e+01 1.0000000000e+00 1.6286886313e+01 1.6248350863e+01 1.1197142515e+00 2.0007673454e+01 -6.8749436201e-02 9.9763395843e-01
-2.1319514325e-05 1.2496047825e-04 -2.7936817647e+01 -1.2618552443e+00 -3.2328186614e+01 4.4363790844e+00 -2.7571157472e+01 -3.2693846789e+01 -3.5067772400e-07 3.2693846789e+01 0.0000000000e+00 nan nan nan nan nan nan
-2.2336682357e-05 1.2271042727e-04 -2.5115613969e+01 -1.7029766601e+00 -3.2609345374e+01 7.1131313725e+00 -2.4755711359e+01 -3.2969247984e+01 1.5181974169e-06 3.2969247984e+01 0.0000000000e+00 nan nan nan nan nan nan
-3.4000461366e-05 1.2423971165e-04 -2.3834772512e+01 3.0193419233e-01 -3.1953463429e+01 7.0292169174e+00 -2.3835797691e+01 -3.1952438250e+01 -1.7670394070e-08 3.1952438250e+01 0.0000000000e+00 nan nan nan nan nan nan
-4.5603091002e-05 1.2165557329e-04 -1.8666880343e+01 1.2440177982e+00 -3.1919285141e+01 1.1667597534e+01 -1.8556792165e+01 -3.2029373319e+01 -5.5352201971e-06 3.2029373319e+01 0.0000000000e+00 nan nan nan nan nan nan
-4.7190434450e-05 1.2359027482e-04 -2.0156140860e+01 1.8510525382e+00 -3.1622839013e+01 1.0420831497e+01 -1.9873020067e+01 -3.1905959806e+01 1.4907956903e-06 3.1905959806e+01 1.0000000000e+00 1.8264684364e+01 1.8195316743e+01 1.5903281232e+00 2.0420794075e+01 -8.7071207558e-02 9.9620209035e-01
-6.3891275514e-05 1.2151193146e-04 -1.5235528171e+01 3.5149064910e+00 -3.1373631759e+01 1.5234581532e+01 -1.4508890217e+01 -3.2100269713e+01 1.5893995762e-05 3.2100269713e+01 1.0000000000e+00 1.8691210262e+01 1.8595704196e+01 1.8870947249e+00 2.0611987841e+01 -1.0096161236e-01 9.9489032201e-01
-1.9562302809e-04 9.6736607466e-05 -3.3744365968e+00 1.7689432580e+01 -2.5598298832e+01 3.6179199431e+01 6.4017028161e+00 -3.5374438245e+01 6.4017028224e+00 3.5374438245e+01 0.0000000000e+00 nan nan nan nan nan nan
1.1177555175e-04 9.3888739447e-05 -1.2560756875e+00 1.3275325588e+00 -2.2760323319e+01 1.8772167386e+01 -1.1700836097e+00 -2.2846315397e+01 -5.7781814165e-02 2.2846315397e+01 0.0000000000e+00 nan nan nan nan nan nan
2.2541732875e-04 4.1990239207e-05 2.2045206471e+01 -1.2398565749e+01 -1.3234353012e+01 3.7343499402e+01 2.5965706162e+01 -1.7154852703e+01 2.5969753340e+01 1.7154852703e+01 0.0000000000e+00 nan nan nan nan nan nan
6.5994391593e-05 4.0725438649e-05 8.0066627400e+01 -1.9502145365e+01 -1.9097308217e+01 9.2285201726e+01 8.3765545650e+01 -2.2796226467e+01 8.3765545650e+01 2.2796226467e+01 0.0000000000e+00 nan nan nan nan nan nan
-2.4653048155e-04 4.1782018916e-05 8.2251604565e+01 4.5303802990e+01 -1.9125049933e+01 1.1774550205e+02 9.9543674623e+01 -3.6417119991e+01 9.9543674623e+01 3.6417119991e+01 0.0000000000e+00 nan nan nan nan nan nan
-8.4039795808e-05 1.1959446654e-04 -1.1183284556e+01 5.6455651876e+00 -3.0931924151e+01 1.9694722746e+01 -9.6868508743e+00 -3.2428357833e+01 1.9547355034e-04 3.2428357833e+01 1.0000000000e+00 1.9010944372e+01 1.8870620122e+01 2.3055806492e+00 2.0858819421e+01 -1.2127649233e-01 9.9261876489e-01
-8.1332238217e-05 1.1956637587e-04 -1.1407844785e+01 5.3323276642e+00 -3.1030911931e+01 1.9334713018e+01 -1.0056476592e+01 -3.2382280123e+01 1.2651840817e-04 3.2382280123e+01 0.0000000000e+00 nan nan nan nan nan nan
-1.2783311184e-04 1.1313119004e-04 -5.3822670879e+00 1.0199550837e+01 -2.9661992088e+01 2.7459336065e+01 -1.6684745191e+00 -3.3375784657e+01 -3.3299909221e-03 3.3375784657e+01 1.0000000000e+00 1.9084898019e+01 1.8794373387e+01 3.3173575911e+00 2.1410973461e+01 -1.7382108031e-01 9.8477724996e-01
1.5568015300e-04 6.7867878920e-05 1.0339255117e+01 -6.3751431882e+00 -1.5994268762e+01 2.5333893186e+01 1.1799023228e+01 -1.7454036873e+01 1.1798130169e+01 1.7454036873e+01 0.0000000000e+00 nan nan nan nan nan nan
7.7843264768e-07 6.7999285846e-05 4.8960367961e+01 -7.5775061289e+00 -3.5570990262e+01 7.4373396418e+01 4.9634189292e+01 -3.6244811593e+01 4.9634189292e+01 3.6244811593e+01 0.0000000000e+00 nan nan nan nan nan nan
-2.2671416020e-05 6.8775283258e-05 4.8887183167e+01 -5.8639737645e+00 -3.8846485184e+01 7.6655051462e+01 4.9277163588e+01 -3.9236465605e+01 4.9277163588e+01 3.9236465605e+01 0.0000000000e+00 nan nan nan nan nan nan
-4.4444959492e-05 6.8297316484e-05 4.9903995447e+01 -2.9215878695e+00 -4.0013154029e+01 7.8034158695e+01 4.9998463238e+01 -4.0107621819e+01 4.9998463238e+01 4.0107621819e+01 0.0000000000e+00 nan nan nan nan nan nan
6.6270958397e-05 1.2264411280e-04 -9.5296223186e+00 1.0212346536e+01 -1.5953230142e+01 1.8480635823e+01 -2.0716261633e+00 -2.3411226298e+01 -7.9890261984e-02 2.3411223397e+01 0.0000000000e+00 nan nan nan nan nan nan
2.6879552357e-04 4.2292089431e-05 -2.4517805415e+00 -6.2253771034e+00 -1.3468316246e+01 1.4394275069e+01 3.5049019198e-01 -1.6270586980e+01 3.1906569251e-01 1.6270586980e+01 0.0000000000e+00 nan nan nan nan nan nan
-1.7472183972e-04 1.0249093947e-04 -3.0580329709e+00 1.5351781730e+01 -2.7262445172e+01 3.3856323908e+01 4.3867186502e+00 -3.4707196793e+01 4.3867159587e+00 3.4707196793e+01 0.0000000000e+00 nan nan nan nan nan nan
-2.1842580182e-04 8.9650497608e-05 -4.6385638161e+00 2.0143306856e+01 -2.3183921381e+01 3.8405609366e+01 8.2622463075e+00 -3.6084731505e+01 8.2622463075e+00 3.6084731505e+01 0.0000000000e+00 nan nan nan nan nan nan
-2.1395447503e-04 9.1103996987e-05 -4.3047313547e+00 1.9681744409e+01 -2.3715842371e+01 3.8004326626e+01 7.9315213439e+00 -3.5952095071e+01 7.9315213444e+00 3.5952095071e+01 0.0000000000e+00 nan nan nan nan nan nan
-2.1188714983e-04 9.3201137020e-05 -5.7737775739e+00 1.8850777239e+01 -2.4001614407e+01 3.6261997495e+01 6.0481780238e+00 -3.5823570006e+01 6.0481780243e+00 3.5823570006e+01 1.0000000000e+00 1.7353991242e+01 1.6541502000e+01 5.2478303731e+00 2.2474979919e+01 -3.0239904469e-01 9.5318141913e-01
-2.0931905380e-04 9.2679842967e-05 -4.1194411148e+00 1.9147398706e+01 -2.4238512040e+01 3.7458223107e+01 7.4475386165e+00 -3.5805491771e+01 7.4475386165e+00 3.5805491771e+01 0.0000000000e+00 nan nan nan nan nan nan
-2.0713754640e-04 9.4455773200e-05 -5.1883187726e+00 1.8477684598e+01 -2.4493261746e+01 3.6104031551e+01 6.0038820754e+00 -3.5685462594e+01 6.0038820754e+00 3.5685462594e+01 1.0000000000e+00 1.7487505982e+01 1.6704095685e+01 5.1755243992e+00 2.2428310076e+01 -2.9595554705e-01 9.5520171387e-01
-1.5733950513e-04 6.8369756370e-05 4.4114684370e+01 1.9913055283e+01 -3.3736588192e+01 7.5729144585e+01 4.8911290100e+01 -3.8533193923e+01 4.8911290100e+01 3.8533193923e+01 0.0000000000e+00 nan nan nan nan nan nan
3.5806815039e-04 3.9218667730e-05 -2.5419659208e+00 -1.4017326876e+01 6.2379196060e+00 2.5433902037e+01 1.6532247030e+01 -1.2836293345e+01 1.6532247030e+01 1.2836293384e+01 0.0000000000e+00 nan nan nan nan nan nan
2.2061309098e-05 1.3700100124e-05 1.7733118606e+02 -1.5113929239e+01 -3.8263070872e+01 1.8853522145e+02 1.7838491845e+02 -3.9316803259e+01 1.7838491845e+02 3.9316803259e+01 0.0000000000e+00 nan nan nan nan nan nan
6.7078265007e-05 1.4129885008e-05 1.8398901606e+02 -2.9313289797e+01 -2.3067865590e+01 1.8636183608e+02 1.8805663146e+02 -2.7135480991e+01 1.8805663146e+02 2.7135480991e+01 0.0000000000e+00 nan nan nan nan nan nan
-8.8869094330e-05 1.3351767764e-05 1.7261905496e+02 6.2974481503e+00 -5.1029462618e+01 1.9399163773e+02 1.7279592043e+02 -5.1206328091e+01 1.7279592043e+02 5.1206328091e+01 0.0000000000e+00 nan nan nan nan nan nan
-1.3474607920e-04 1.3391327780e-05 1.7538011301e+02 1.5736713350e+01 -4.9270489504e+01 1.9645231731e+02 1.7647661003e+02 -5.0366986530e+01 1.7647661003e+02 5.0366986530e+01 0.0000000000e+00 nan nan nan nan nan nan
-8.8696231747e-05 9.5114367584e-05 1.2924406618e+01 5.1107958391e+00 -3.4277383629e+01 4.1823901955e+01 1.3470552547e+01 -3.4823529558e+01 1.3470495155e+01 3.4823529558e+01 0.0000000000e+00 nan nan nan nan nan nan
1.1140422709e-04 1.4620421539e-05 1.6939079694e+02 -3.8165381021e+01 -1.5348810197e+01 1.7310962516e+02 1.7696588205e+02 -2.2923895313e+01 1.7696588205e+02 2.2923895313e+01 0.0000000000e+00 nan nan nan nan nan nan
3.1237852511e-04 4.1556789730e-05 -1.2571040618e+00 -1.0306413356e+01 -7.4472697234e+00 1.8636384982e+01 6.4075349936e+00 -1.5111908779e+01 6.4075349940e+00 1.5111908779e+01 0.0000000000e+00 nan nan nan nan nan nan
-1.3543436583e-04 9.4916904378e-05 1.1331103774e+01 1.2636527569e+01 -3.1323126405e+01 4.2935006002e+01 1.4792525958e+01 -3.4784548589e+01 1.4792528723e+01 3.4784548589e+01 0.0000000000e+00 nan nan nan nan nan nan
-1.1288157755e-04 6.8721952382e-05 4.7751991534e+01 1.0442715665e+01 -3.7926262933e+01 7.6370921286e+01 4.9005636263e+01 -3.9179907662e+01 4.9005636263e+01 3.9179907662e+01 0.0000000000e+00 nan nan nan nan nan nan
2.2418584428e-04 1.2212723415e-04 -2.7265611511e+00 -6.1177983657e+00 -1.1396795114e+01 1.2986646285e+01 4.3616559586e-01 -1.4559521861e+01 4.3184260144e-01 1.4559521861e+01 0.0000000000e+00 nan nan nan nan nan nan
2.4696545550e-04 6.9755384632e-05 -3.5701211899e+00 -5.3903823579e+00 -1.3155553732e+01 1.2491248844e+01 -1.1510115785e+00 -1.5574663343e+01 4.4465352578e-05 1.5574663343e+01 0.0000000000e+00 nan nan nan nan nan nan
-1.5758791868e-04 1.3433735382e-05 1.7838179750e+02 2.1017503316e+01 -4.7477382930e+01 1.9895732513e+02 1.8032027251e+02 -4.9415857936e+01 1.8032027251e+02 4.9415857936e+01 0.0000000000e+00 nan nan nan nan nan nan
-2.9110516356e-04 1.4406849135e-05 1.8883349737e+02 6.8258818341e+01 5.5986765279e+00 1.9788026916e+02 2.1146231361e+02 -1.7030139716e+01 2.1146231361e+02 1.7030139716e+01 0.0000000000e+00 nan nan nan nan nan nan
1.1349821737e-04 6.9059054010e-05 1.4532379957e+01 -2.7576067085e+00 -2.2701256541e+01 3.2600588054e+01 1.4737519997e+01 -2.2906396581e+01 1.4737521203e+01 2.2906396581e+01 0.0000000000e+00 nan nan nan nan nan nan
-3.3668911488e-04 1.3380209482e-05 1.0872808415e+02 5.4610606915e+01 6.7218548622e+00 1.2942209133e+02 1.3244684877e+02 -1.6996909760e+01 1.3244684877e+02 1.6996909557e+01 0.0000000000e+00 nan nan nan nan nan nan
2.4635986925e-04 1.3074986190e-05 3.0634381155e+01 -1.8021922849e+01 -1.3508654362e+01 4.9353893625e+01 3.7057347167e+01 -1.9931620374e+01 3.7057347192e+01 1.9931620374e+01 0.0000000000e+00 nan nan nan nan nan nan
2.0020338143e-04 6.8973409203e-05 -3.9378465161e+00 -2.8135232488e+00 -1.6377015012e+01 1.1824476038e+01 -3.3305663403e+00 -1.6984295187e+01 6.8919790948e-02 1.6984295187e+01 0.0000000000e+00 nan nan nan nan nan nan
2.2300647412e-04 1.4097359496e-05 4.3194321525e+01 -1.9397557939e+01 -1.3510576426e+01 5.9502387309e+01 4.9195591880e+01 -1.9511846781e+01 4.9195591879e+01 1.9511846781e+01 0.0000000000e+00 nan nan nan nan nan nan
2.0323726148e-04 1.2725032384e-05 6.2413697203e+01 -2.2119421797e+01 -1.3781480238e+01 7.6305127789e+01 6.8370894552e+01 -1.9738677587e+01 6.8370894552e+01 1.9738677587e+01 0.0000000000e+00 nan nan nan nan nan nan
8.9766329270e-05 9.4361264702e-05 1.8682453069e+00 1.7107522214e+00 -2.2549947035e+01 2.1362058547e+01 1.9925393887e+00 -2.2674241116e+01 1.9949234645e+00 2.2674241116e+01 0.0000000000e+00 nan nan nan nan nan nan
-1.2645165587e-06 4.1024484893e-05 1.0164538843e+02 -1.0042541280e+01 -3.8801221339e+01 1.2286716719e+02 1.0235947560e+02 -3.9515308508e+01 1.0235947560e+02 3.9515308508e+01 0.0000000000e+00 nan nan nan nan nan nan
-9.5985180694e-05 1.1778530448e-04 -8.9069639163e+00 6.8657517226e+00 -3.0682695440e+01 2.2290748819e+01 -6.9252598469e+00 -3.2664399509e+01 -6.3228115599e-04 3.2664399509e+01 1.0000000000e+00 1.9107836330e+01 1.8933763794e+01 2.5733242672e+00 2.1009157538e+01 -1.3467376540e-01 9.9088999234e-01
-8.8128698055e-05 6.8303205089e-05 4.9379413012e+01 5.2493724941e+00 -3.9420485668e+01 7.7437515506e+01 4.9688034095e+01 -3.9729106750e+01 4.9688034095e+01 3.9729106750e+01 0.0000000000e+00 nan nan nan nan nan nan
-6.6303148052e-05 6.8170402543e-05 4.9996095690e+01 9.1751466622e-01 -4.0091853705e+01 7.8033793699e+01 5.0004952790e+01 -4.0100710805e+01 5.0004952790e+01 4.0100710805e+01 0.0000000000e+00 nan nan nan nan nan nan
1.3457344458e-04 1.2331093349e-04 -1.0226947089e+01 -1.6335348622e-01 -1.7006120514e+01 5.8878375827e+00 -1.0217189189e+01 -1.7015878415e+01 8.1564374157e-07 1.7015878415e+01 0.0000000000e+00 nan nan nan nan nan nan
-2.2810616229e-04 8.7301824389e-05 -6.7018458533e+00 2.0602474367e+01 -2.1976978350e+01 3.8051431402e+01 7.6295920615e+00 -3.6308416265e+01 7.6295920615e+00 3.6308416265e+01 1.0000000000e+00 1.6758232199e+01 1.5827757481e+01 5.5063998748e+00 2.2656156747e+01 -3.2857880290e-01 9.4447655888e-01
-1.3579546758e-04 4.0679322019e-05 1.0139834179e+02 1.7141987495e+01 -4.2618586681e+01 1.2820628183e+02 1.0340980888e+02 -4.4630053772e+01 1.0340980888e+02 4.4630053772e+01 0.0000000000e+00 nan nan nan nan nan nan
5.1062087429e-06 1.2709468543e-04 -3.8008594301e+01 -4.9334575255e+00 -3.3712612589e+01 9.2098038349e+00 -3.0543320722e+01 -4.1177886168e+01 4.6479757607e-08 4.1177886168e+01 0.0000000000e+00 nan nan nan nan nan nan
1.3425788607e-04 3.9629304285e-05 4.1009042182e+01 -1.0296314472e+01 -2.1332473915e+01 5.6860976123e+01 4.2666984005e+01 -2.2990415737e+01 4.2666984005e+01 2.2990415737e+01 0.0000000000e+00 nan nan nan nan nan nan
4.6293515638e-05 1.3313385176e-04 -5.5345961843e+01 -1.2261382440e+01 -3.6505490473e+01 2.6672435391e+01 -3.0526388405e+01 -6.1325063911e+01 -6.6414069966e-07 6.1325063913e+01 1.0000000000e+00 1.0135999462e+01 9.9652173452e+00 1.8528163302e+00 1.9979918500e+01 -1.8279562239e-01 9.8315093472e-01
6.6124785069e-05 6.8269071569e-05 2.8502363170e+01 -4.9250538580e+00 -2.2268803894e+01 4.4791545615e+01 2.8977190556e+01 -2.2743631280e+01 2.8977190556e+01 2.2743631280e+01 0.0000000000e+00 nan nan nan nan nan nan
6.5932201466e-05 1.3862246246e-04 -4.9515961698e+01 -2.0934056220e+01 -4.9280368421e+01 3.5900388512e+01 -2.8671066089e+01 -7.0125264031e+01 1.1330861770e-01 7.0139034946e+01 1.0000000000e+00 4.6905210521e+00 4.0012587178e+00 2.4476348611e+00 2.0950685466e+01 -5.2182579161e-01 8.5305207532e-01
6.9896821504e-05 1.4060952325e-04 -3.7450318624e+01 -9.8871840461e+00 -4.8350317630e+01 1.6707021696e+01 -3.3254514654e+01 -5.2546121601e+01 -2.3537645441e-01 5.2530700674e+01 1.0000000000e+00 9.3500062058e+00 5.1342742621e+00 7.8142078198e+00 2.1579068852e+01 -8.3574359714e-01 5.4911987747e-01
3.2199970550e-04 1.0704750511e-04 -4.1008597396e+00 -8.6965168727e+00 -3.0965728328e+00 1.5085753479e+01 5.1110475456e+00 -1.2308480118e+01 5.1110475456e+00 1.2308480118e+01 1.0000000000e+00 1.7243771454e+01 1.3436928211e+01 -1.0807248226e+01 1.4092379382e+01 6.2673344136e-01 7.7923372199e-01
1.0064355329e-04 1.5600260945e-04 3.9290120963e+00 -1.9329185131e+00 -1.8094932744e+01 1.9361276294e+01 4.0952777561e+00 -1.8261198404e+01 4.1111781872e+00 1.8261202998e+01 1.0000000000e+00 2.6068685731e+01 2.5314379036e+01 6.2256397096e+00 1.9577855546e+01 -2.3881678477e-01 9.7106464425e-01
1.6908975450e-04 1.6427635047e-04 5.6822765666e+00 -4.8356590426e+00 -1.2580106247e+01 1.7890992385e+01 6.8804544291e+00 -1.3778284110e+01 6.8804214646e+00 1.3778284110e+01 1.0000000000e+00 3.0685269620e+01 3.0603400711e+01 -2.2400081666e+00 1.7457985893e+01 7.2999461771e-02 9.9733198013e-01
-1.8030330015e-04 1.3496383429e-05 1.8265092029e+02 2.6859284870e+01 -4.4925226282e+01 2.0250130815e+02 1.8577703178e+02 -4.8051337772e+01 1.8577703178e+02 4.8051337772e+01 0.0000000000e+00 nan nan nan nan nan nan
2.6461320602e-04 1.3928784017e-04 -1.2515376985e+00 -7.3145097549e+00 -8.3568702816e+00 1.4083488370e+01 3.3269018118e+00 -1.2935309792e+01 3.3269018131e+00 1.2935309792e+01 0.0000000000e+00 nan nan nan nan nan nan
2.2269456597e-04 1.5579783553e-04 1.3799479239e+00 -6.3267937193e+00 -1.0518049122e+01 1.5040401818e+01 4.1145294392e+00 -1.3252630638e+01 4.1145298128e+00 1.3252630638e+01 1.0000000000e+00 2.7436653056e+01 2.6549892898e+01 -6.9190402506e+00 1.6218497470e+01 2.5218237212e-01 9.6767972553e-01
2.2688802738e-04 1.5456417971e-04 1.0898343593e+00 -6.4251152994e+00 -1.0332382575e+01 1.4888344702e+01 3.9745157140e+00 -1.3217063929e+01 3.9745158186e+00 1.3217063929e+01 1.0000000000e+00 2.7180823439e+01 2.6209984740e+01 -7.1995737914e+00 1.6133337648e+01 2.6487695663e-01 9.6428221898e-01
1.3564308088e-04 9.6333050785e-05 -3.6028936265e+00 -1.5570283674e+00 -1.6848903021e+01 1.1787480069e+01 -3.4203935330e+00 -1.7031403114e+01 -2.2030760511e-03 1.7031403114e+01 0.0000000000e+00 nan nan nan nan nan nan
-2.9822496216e-04 5.7467344208e-05 2.4498459487e+00 3.1720703141e+01 -6.0569552291e+00 5.5312941703e+01 3.0131387142e+01 -3.3738496422e+01 3.0131387142e+01 3.3738496422e+01 0.0000000000e+00 nan nan nan nan nan nan
2.7271568334e-04 1.3725540766e-04 -1.5908966159e+00 -7.4518012861e+00 -7.8105684290e+00 1.3984480868e+01 3.3732112714e+00 -1.2774676316e+01 3.3732112712e+00 1.2774676316e+01 1.0000000000e+00 2.3505028158e+01 2.1227479263e+01 -1.0093585728e+01 1.5090637554e+01 4.2942240528e-01 9.0310375807e-01
2.8119790886e-04 1.3341112618e-04 -2.0234838406e+00 -7.6358015296e+00 -7.2006887838e+00 1.3964051698e+01 3.4500626945e+00 -1.2674235319e+01 3.4500626945e+00 1.2674235319e+01 1.0000000000e+00 2.2830107367e+01 2.0327716363e+01 -1.0392196585e+01 1.4944519449e+01 4.5519700884e-01 8.9039074745e-01
2.9273458268e-04 1.2713563593e-04 -2.6200168143e+00 -7.9081864835e+00 -6.2704731555e+00 1.4056400842e+01 3.6702218249e+00 -1.2560711795e+01 3.6702218249e+00 1.2560711795e+01 1.0000000000e+00 2.1346806728e+01 1.8395532900e+01 -1.0830075106e+01 1.4658163829e+01 5.0733935264e-01 8.6174635553e-01
1.3252166965e-04 1.6408058182e-04 9.6235831523e+00 -2.3749820239e+00 -1.3612631428e+01 2.0497287120e+01 9.8395900987e+00 -1.3828638374e+01 9.8358617149e+00 1.3828638374e+01 1.0000000000e+00 3.1793578625e+01 3.1151882616e+01 6.3554583864e+00 1.9210740224e+01 -1.9989754728e-01 9.7981680461e-01
3.5460838636e-04 7.5225906549e-05 -5.6739114474e+00 -9.8953417111e+00 3.3884859372e+00 1.8846653257e+01 9.7384075760e+00 -1.2023833086e+01 9.7384075760e+00 1.2023833086e+01 1.0000000000e+00 1.0623364693e+01 6.7912712585e+00 -8.1691194191e+00 1.3642134380e+01 7.6897665246e-01 6.3927686332e-01
3.5745923057e-04 7.1725684737e-05 -5.7984120190e+00 -1.0035389556e+01 4.2674821651e+00 1.9440578652e+01 1.0458558391e+01 -1.1989488245e+01 1.0458558391e+01 1.1989488245e+01 1.0000000000e+00 9.9518394693e+00 6.2141516435e+00 -7.7732508112e+00 1.3621004411e+01 7.8108683678e-01 6.2442241585e-01
3.6314862813e-04 6.4638304397e-05 -6.0529680663e+00 -1.0297317002e+01 6.2499457264e+00 2.0770671475e+01 1.2090441597e+01 -1.1893463937e+01 1.2090441597e+01 1.1893463937e+01 1.0000000000e+00 7.9090762833e+00 4.5722491235e+00 -6.4535281519e+00 1.3582466047e+01 8.1596483847e-01 5.7810153294e-01
3.6832010486e-04 5.6820189466e-05 -6.2022565022e+00 -1.0676393564e+01 8.5557922981e+00 2.2472875316e+01 1.4151488511e+01 -1.1797952715e+01 1.4151488511e+01 1.1797952712e+01 1.0000000000e+00 6.5474987435e+00 3.5748832523e+00 -5.4854306603e+00 1.3578577100e+01 8.3779025781e-01 5.4599220134e-01
3.7331587525e-04 4.8903937941e-05 -6.3024426743e+00 -1.1085144623e+01 1.1293300767e+01 2.4502859487e+01 1.6642161567e+01 -1.1651303475e+01 1.6642161567e+01 1.1651303396e+01 1.0000000000e+00 5.2165722609e+00 2.6775161589e+00 -4.4770004882e+00 1.3593115116e+01 8.5822648750e-01 5.1327117214e-01
3.8869880822e-04 1.7344554000e-05 -3.2471894345e+00 -1.6371082717e+01 2.9488428734e+01 4.0052119391e+01 3.6244721562e+01 -1.0003482263e+01 3.6244721562e+01 1.0022503728e+01 1.0000000000e+00 5.1837349159e-01 1.9763273999e-01 -4.7922059311e-01 1.3876479435e+01 9.2446971323e-01 3.8125549088e-01
-2.0263968615e-04 9.5725168903e-05 -4.8115422574e+00 1.8058780187e+01 -2.4939323935e+01 3.5804296580e+01 5.7961871722e+00 -3.5547053364e+01 5.7961871722e+00 3.5547053365e+01 1.0000000000e+00 1.7614318234e+01 1.6859758071e+01 5.1002710354e+00 2.2382103311e+01 -2.8955256556e-01 9.5716211363e-01
7.3829337501e-05 1.4446100958e-04 5.9279779652e+00 -5.4953746914e+00 1.6382828449e+01 1.1430213344e+01 1.7754639959e+01 4.5561664564e+00 2.5100148749e+01 6.1852351361e+00 1.0000000000e+00 1.8284324770e+01 1.3384576704e+01 1.2456710590e+01 2.1565708372e+01 -6.8127813017e-01 7.3202466444e-01
3.7804897928e-04 4.0504162617e-05 -6.2550705864e+00 -1.1643734960e+01 1.4681081895e+01 2.7107393872e+01 1.9863466804e+01 -1.1437455495e+01 1.9863466804e+01 1.1437459077e+01 1.0000000000e+00 3.3427627723e+00 1.5512595918e+00 -2.9610229027e+00 1.3650974415e+01 8.8580108864e-01 4.6406511544e-01
1.1544800730e-04 1.6070576815e-04 5.4997070686e+00 5.0512653288e-02 -1.7341883469e+01 1.9785075013e+01 5.5018301843e+00 -1.7344006585e+01 5.5127381259e+00 1.7344006589e+01 1.0000000000e+00 2.5918228150e+01 2.5303743619e+01 5.6102682018e+00 1.9375485412e+01 -2.1646032936e-01 9.7629141439e-01
-6.6575620800e-05 1.2139118242e-04 -1.4727734982e+01 3.8186426789e+00 -3.1304437622e+01 1.5796583315e+01 -1.3895924673e+01 -3.2136247931e+01 1.6778613835e-05 3.2136247931e+01 0.0000000000e+00 nan nan nan nan nan nan
-3.6692310009e-05 1.2406737258e-04 -2.3002337482e+01 6.1567641325e-01 -3.1887444555e+01 7.7452215748e+00 -2.2973185257e+01 -3.1916596780e+01 2.9895935760e-07 3.1916596780e+01 1.0000000000e+00 1.7825913867e+01 1.7770837020e+01 1.4001988384e+00 2.0284415406e+01 -7.8548502416e-02 9.9691029324e-01
3.1817018185e-04 1.1005968330e-04 -3.9098095853e+00 -8.5823893676e+00 -3.6024649305e+00 1.4865595076e+01 4.8265180612e+00 -1.2338792577e+01 4.8265180612e+00 1.2338792577e+01 1.0000000000e+00 1.8259420731e+01 1.4606247818e+01 -1.0957370584e+01 1.4207567825e+01 6.0009409636e-01 7.9992941908e-01
9.2855218908e-05 1.5451239577e-04 4.8284843050e+00 -1.7047274888e+00 -1.8653958736e+01 2.0527316993e+01 4.9387147762e+00 -1.8764189207e+01 4.9815957464e+00 1.8763961379e+01 1.0000000000e+00 2.6302241880e+01 2.5296016634e+01 7.2055166629e+00 1.9797381935e+01 -2.7395066534e-01 9.6174374600e-01
-2.5939083541e-04 7.4994431491e-05 -9.5728350742e+00 2.4836984364e+01 -1.6086608235e+01 4.3375431145e+01 1.2213095193e+01 -3.7872538503e+01 1.2213095193e+01 3.7872538503e+01 1.0000000000e+00 1.4813622912e+01 1.3645278004e+01 5.7662649931e+00 2.3039820171e+01 -3.8925420388e-01 9.2113037338e-01
3.5676314990e-04 6.7759481171e-05 -5.4892529727e+00 -1.0535538395e+01 4.4399239358e+00 2.0168196805e+01 1.1119449336e+01 -1.2168778373e+01 1.1119449336e+01 1.2168778373e+01 0.0000000000e+00 nan nan nan nan nan nan
-3.8748266014e-04 8.3015052351e-06 1.4280165921e+02 1.2752485842e+02 1.0601149483e+02 2.2334403900e+02 2.5335431806e+02 -4.5411640199e+00 2.5335431806e+02 5.5459362812e+00 1.0000000000e+00 2.4566359187e+00 1.7832919090e+00 1.6896538119e+00 2.3891361549e+01 -6.8779170697e-01 7.2590809874e-01
6.1719039589e-05 1.3719151239e-04 -5.6174685146e+01 -2.0055462361e+01 -4.3974072668e+01 3.6142682229e+01 -2.9207391593e+01 -7.0941366221e+01 2.0874744172e-03 7.0941604221e+01 1.0000000000e+00 6.1438768900e+00 5.6948086912e+00 2.3057270458e+00 2.0501500639e+01 -3.7528861452e-01 9.2690800828e-01
-1.9807361239e-04 9.6997232889e-05 -4.4926763474e+00 1.7614630613e+01 -2.5369248475e+01 3.5461679349e+01 5.5428477069e+00 -3.5404772530e+01 5.5428477047e+00 3.5404772530e+01 1.0000000000e+00 1.7851377653e+01 1.7153292865e+01 4.9433013233e+00 2.2288397610e+01 -2.7691427628e-01 9.6089462669e-01
-1.2067879234e-04 1.1452856083e-04 -6.1633387879e+00 9.4414476751e+00 -2.9904863882e+01 2.6268331859e+01 -2.8680728649e+00 -3.3200129805e+01 7.6715522469e-03 3.3200129805e+01 1.0000000000e+00 1.9125111872e+01 1.8867382496e+01 3.1291822972e+00 2.1310860510e+01 -1.6361641794e-01 9.8652403305e-01
-3.3602288284e-04 4.4503740926e-05 4.0861271074e+01 3.5395108815e+01 9.2231319613e+00 6.7032557541e+01 6.3743466658e+01 -1.3659063623e+01 6.3743466658e+01 1.3659063634e+01 0.0000000000e+00 nan nan nan nan nan nan
2.1407233303e-04 1.5834117254e-04 2.0418690993e+00 -6.1104864167e+00 -1.0879130237e+01 1.5401075698e+01 4.4731846315e+00 -1.3310445769e+01 4.4731847014e+00 1.3310445769e+01 1.0000000000e+00 2.7927330428e+01 2.7200984703e+01 -6.3278919077e+00 1.6393258054e+01 2.2658420303e-01 9.7399158053e-01
-1.5129983759e-04 1.0870688784e-04 -4.1302492012e+00 1.2662708505e+01 -2.8615204134e+01 3.0504497671e+01 1.2390532747e+00 -3.3984506609e+01 1.1487761930e+00 3.3984506609e+01 1.0000000000e+00 1.8844376729e+01 1.8440285216e+01 3.8815480773e+00 2.1709019386e+01 -2.0597911690e-01 9.7855638744e-01
-1.7710358690e-04 1.0268850744e-04 -3.8401228055e+00 1.5409662426e+01 -2.7059658258e+01 3.3415644393e+01 3.8426407540e+00 -3.4742421817e+01 3.8426402340e+00 3.4742421817e+01 1.0000000000e+00 1.8349934897e+01 1.7784634728e+01 4.5196104141e+00 2.2050259827e+01 -2.4630116889e-01 9.6919334201e-01
-2.3240434566e-04 8.5850691208e-05 -7.3446416227e+00 2.0942417615e+01 -2.1348155060e+01 3.8241016188e+01 7.7320626488e+00 -3.6424859332e+01 7.7320626488e+00 3.6424859332e+01 1.0000000000e+00 1.6593312111e+01 1.5633235478e+01 5.5623695761e+00 2.2700871224e+01 -3.3521755866e-01 9.4214074764e-01
2.9307920106e-04 1.2360148721e-04 -2.7037826019e+00 -8.0428244857e+00 -6.2510584037e+00 1.4264329564e+01 3.7580940108e+00 -1.2712935016e+01 3.7580940108e+00 1.2712935016e+01 0.0000000000e+00 nan nan nan nan nan nan
2.6791832612e-05 1.2908673007e-04 -4.4032421941e+01 -7.4617751301e+00 -3.3842139801e+01 1.5601926399e+01 -2.9929504465e+01 -4.7945057277e+01 -1.4274196188e-08 4.7945057277e+01 1.0000000000e+00 1.3107764548e+01 1.3031736119e+01 1.4097323086e+00 1.9856833121e+01 -1.0754940733e-01 9.9419974099e-01
-1.9368217847e-04 9.8255069176e-05 -4.2921056857e+00 1.7159750135e+01 -2.5759048292e+01 3.5053951721e+01 5.2128314733e+00 -3.5263985451e+01 5.2128314546e+00 3.5263985451e+01 1.0000000000e+00 1.7961223457e+01 1.7290743952e+01 4.8616583222e+00 2.2241093216e+01 -2.7067523178e-01 9.6267072195e-01
-7.1829759612e-05 1.2113826707e-04 -1.3786817631e+01 4.4042860237e+00 -3.1167846703e+01 1.6868848377e+01 -1.2738098016e+01 -3.2216566319e+01 1.0910971678e-05 3.2216566319e+01 1.0000000000e+00 1.8844912176e+01 1.8733152397e+01 2.0493209108e+00 2.0709918084e+01 -1.0874664162e-01 9.9406949854e-01
2.4521913592e-04 1.4603535090e-04 -2.8970300147e-01 -6.9019718774e+00 -9.4798477581e+00 1.4360629318e+01 3.4063378228e+00 -1.3175888582e+01 3.4063378137e+00 1.3175888582e+01 0.0000000000e+00 nan nan nan nan nan nan
-4.9645572422e-05 1.2336914489e-04 -1.9440524741e+01 2.1104612094e+00 -3.1577120125e+01 1.1115727887e+01 -1.9091153945e+01 -3.1926490921e+01 1.2782910482e-06 3.1926490921e+01 1.0000000000e+00 1.8264684364e+01 1.8195316743e+01 1.5903281232e+00 2.0420794075e+01 -8.7071207558e-02 9.9620209035e-01
2.7823099648e-04 1.3169376241e-04 -1.9904386719e+00 -7.6683623642e+00 -7.4449695588e+00 1.4096216303e+01 3.4207501615e+00 -1.2856158392e+01 3.4207501615e+00 1.2856158392e+01 0.0000000000e+00 nan nan nan nan nan nan
4.2855729833e-05 1.3103575945e-04 -4.9830767496e+01 -1.0759962934e+01 -3.6164161745e+01 2.2010199541e+01 -3.0289869991e+01 -5.5705059251e+01 4.1878558580e-08 5.5705059251e+01 1.0000000000e+00 1.0836498017e+01 1.0696687793e+01 1.7350964030e+00 1.9928809087e+01 -1.6011597107e-01 9.8709820981e-01
2.9129948708e-05 1.2950215885e-04 -4.5218106361e+01 -7.7888819954e+00 -3.4041190445e+01 1.6559352790e+01 -3.0069101612e+01 -4.9190195194e+01 -2.3872610951e-08 4.9190195194e+01 1.0000000000e+00 1.3107764548e+01 1.3031736119e+01 1.4097323086e+00 1.9856833121e+01 -1.0754940733e-01 9.9419974099e-01
8.9141454703e-05 1.5064449050e-04 9.1350669832e-01 -2.6559082687e+00 -1.9414053161e+01 1.8175656930e+01 1.2434471900e+00 -1.9743993653e+01 7.8636990381e-01 1.9743418604e+01 0.0000000000e+00 nan nan nan nan nan nan
-1.0140348237e-04 1.1743276895e-04 -8.4203122000e+00 7.4433777588e+00 -3.0498801339e+01 2.3058577399e+01 -6.1466809010e+00 -3.2772432638e+01 -8.9477554233e-05 3.2772432638e+01 1.0000000000e+00 1.9126123023e+01 1.8939625556e+01 2.6644259533e+00 2.1059407327e+01 -1.3930820952e-01 9.9024907107e-01
-2.3658990728e-04 8.4583146465e-05 -8.3557218622e+00 2.1167366442e+01 -2.0707575744e+01 3.8188873469e+01 7.5167075741e+00 -3.6580005181e+01 7.5167075741e+00 3.6580005181e+01 1.0000000000e+00 1.6245776345e+01 1.5224759343e+01 5.6685052703e+00 2.2789758833e+01 -3.4892178435e-01 9.3715184917e-01
-3.7824009351e-04 1.4282604503e-05 9.8182910201e+01 8.9726786106e+01 6.5261535345e+01 1.5797544526e+02 1.7292938862e+02 -9.4849430736e+00 1.7292938862e+02 9.5205649517e+00 1.0000000000e+00 4.6970091865e+00 3.4549518554e+00 3.1820124097e+00 2.3995414034e+01 -6.7745501091e-01 7.3556421079e-01
-3.5542996898e-04 3.2514506348e-05 5.8783535378e+01 5.3786135787e+01 2.9277167508e+01 9.6571683170e+01 9.9786038718e+01 -1.1725335831e+01 9.9786038718e+01 1.1725376584e+01 1.0000000000e+00 9.7320446094e+00 7.8060559931e+00 5.8119000433e+00 2.3971551580e+01 -5.9719208825e-01 8.0209825441e-01
-3.4065894311e-04 4.2444882207e-05 4.4734022124e+01 3.9942056761e+01 1.4540551260e+01 7.3958345705e+01 7.2337157494e+01 -1.3062584110e+01 7.2337157494e+01 1.3062584187e+01 1.0000000000e+00 1.3410287277e+01 1.1521575645e+01 6.8621497731e+00 2.3771165094e+01 -5.1170788748e-01 8.5915949502e-01
4.4959957537e-05 1.3148022882e-04 -5.0629788373e+01 -1.1354433029e+01 -3.6567669120e+01 2.3095770729e+01 -3.0264379299e+01 -5.6933078194e+01 -3.7651375595e-07 5.6933078193e+01 0.0000000000e+00 nan nan nan nan nan nan
-3.2093580780e-04 5.1086129962e-05 2.9389165665e+01 2.5077230370e+01 -4.5761579010e+00 5.2340961220e+01 4.2625571932e+01 -1.7812564168e+01 4.2625571932e+01 1.7812564167e+01 1.0000000000e+00 1.3100725408e+01 1.3059872408e+01 1.0337982899e+00 2.2634703421e+01 -7.8911530297e-02 9.9688162306e-01
3.7515296794e-04 4.1452707012e-05 -5.7683556207e+00 -1.2116759528e+01 1.3402693274e+01 2.6755723708e+01 1.9264593112e+01 -1.1630255458e+01 1.9264593112e+01 1.1630253862e+01 0.0000000000e+00 nan nan nan nan nan nan
3.6545211675e-04 5.7587377178e-05 -5.8533684278e+00 -1.0953883223e+01 7.6690664327e+00 2.2293438152e+01 1.3778971521e+01 -1.1963273516e+01 1.3778971521e+01 1.1963273518e+01 0.0000000000e+00 nan nan nan nan nan nan
1.2206671154e-04 1.6062582394e-04 2.8194583645e+00 -5.1574559441e-01 -1.7452186767e+01 1.7561432259e+01 2.8227334408e+00 -1.7455461844e+01 2.8207852179e+00 1.7455461844e+01 1.0000000000e+00 2.6392204687e+01 2.5730455999e+01 5.8729977275e+00 1.9385428107e+01 -2.2252774246e-01 9.7492635816e-01
