x_m y_m sigma_xx_Pa sigma_xy_Pa sigma_yy_Pa von_mises_Pa sigma_max_principal_Pa sigma_min_principal_Pa sigma_tension_Pa sigma_comp_mag_Pa is_surface wss_mag_dyn_cm2 wss_x_dyn_cm2 wss_y_dyn_cm2 pressure_Pa normal_x normal_y
3.8625601139e-04 3.0665325652e-05 -7.0286219130e+00 -1.1071680373e+01 2.0171173838e+01 3.0339899206e+01 2.4088024936e+01 -1.0945473011e+01 2.4088024936e+01 1.0945174256e+01 1.0000000000e+00 1.7648174343e+00 7.3934142507e-01 -1.6024839574e+00 1.3742254004e+01 9.0801684425e-01 4.1893365891e-01
3.7724644217e-04 4.8256777962e-05 -7.1341668650e+00 -1.0052792552e+01 1.1820906994e+01 2.3919857807e+01 1.6153506408e+01 -1.1466766279e+01 1.6153506408e+01 1.1466766619e+01 1.0000000000e+00 4.6540437808e+00 2.3276710671e+00 -4.0301452725e+00 1.3602606280e+01 8.6594485619e-01 5.0013948658e-01
3.7228023532e-04 5.6490695983e-05 -7.0141241681e+00 -9.7395570860e+00 8.9062162426e+00 2.1778842142e+01 1.3520066411e+01 -1.1627974336e+01 1.3520066411e+01 1.1627974335e+01 1.0000000000e+00 5.9693687928e+00 3.1840311584e+00 -5.0492880060e+00 1.3578669286e+01 8.4586631874e-01 5.3339494825e-01
3.6700949922e-04 6.4373762983e-05 -6.8319989649e+00 -9.4666450978e+00 6.4722685835e+00 2.0034010553e+01 1.1386776195e+01 -1.1746506576e+01 1.1386776195e+01 1.1746506576e+01 1.0000000000e+00 8.0198789660e+00 4.6686041246e+00 -6.5209350676e+00 1.3579061187e+01 8.1309644389e-01 5.8212900026e-01
3.6144550548e-04 7.1917467631e-05 -6.6065469454e+00 -9.2204857352e+00 4.4059475175e+00 1.8596140506e+01 9.6361870131e+00 -1.1836786441e+01 9.6361870131e+00 1.1836786441e+01 1.0000000000e+00 9.3967826665e+00 5.7638923716e+00 -7.4213926732e+00 1.3600947482e+01 7.8978017653e-01 6.1338998423e-01
3.5855782670e-04 7.5565089537e-05 -6.4811034843e+00 -9.1046865231e+00 3.4841441632e+00 1.7972375696e+01 8.8778762853e+00 -1.1874835606e+01 8.8778762853e+00 1.1874835606e+01 1.0000000000e+00 1.0079724244e+01 6.3359728019e+00 -7.8394061950e+00 1.3619494171e+01 7.7774014498e-01 6.2858592641e-01
3.5560206987e-04 7.9131282951e-05 -6.3484499604e+00 -8.9937307019e+00 2.6268236694e+00 1.7404808981e+01 8.1878580048e+00 -1.1909484296e+01 8.1878580048e+00 1.1909484296e+01 1.0000000000e+00 1.0754289689e+01 6.9200012318e+00 -8.2321521888e+00 1.3641198360e+01 7.6547614274e-01 6.4346427631e-01
3.5258011795e-04 8.2617076265e-05 -6.2099672997e+00 -8.8866437312e+00 1.8271666191e+00 1.6888655051e+01 7.5592691996e+00 -1.1942069880e+01 7.5592691996e+00 1.1942069880e+01 1.0000000000e+00 1.1421384021e+01 7.5153047803e+00 -8.6004771385e+00 1.3666392340e+01 7.5301531958e-01 6.5800298516e-01
3.4949387460e-04 8.6023448064e-05 -6.0648344938e+00 -8.7831298721e+00 1.0783846818e+00 1.6418971299e+01 6.9862725934e+00 -1.1972722405e+01 6.9862725934e+00 1.1972722405e+01 1.0000000000e+00 1.2733970359e+01 8.7359573832e+00 -9.2648286391e+00 1.3727888300e+01 7.2756794445e-01 6.8603563042e-01
3.4313585364e-04 9.2601525005e-05 -5.7586757590e+00 -8.5867499790e+00 -2.7965272217e-01 1.5607833053e+01 5.9920223741e+00 -1.2030350855e+01 5.9920223741e+00 1.2030350855e+01 1.0000000000e+00 1.4000664453e+01 9.9772790369e+00 -9.8220419541e+00 1.3802708481e+01 7.0154112950e-01 7.1262896631e-01
3.3986782887e-04 9.5774925075e-05 -5.5982849102e+00 -8.4927159239e+00 -9.0055640638e-01 1.5258920854e+01 5.5603214041e+00 -1.2059162721e+01 5.5603214041e+00 1.2059162721e+01 1.0000000000e+00 1.4613367082e+01 1.0600152756e+01 -1.0059187792e+01 1.3846341977e+01 6.8835523911e-01 7.2537374145e-01
3.3654286001e-04 9.8872396753e-05 -5.4329534468e+00 -8.4016629490e+00 -1.4832043240e+00 1.4945390567e+01 5.1706463819e+00 -1.2086804153e+01 5.1706463819e+00 1.2086804153e+01 1.0000000000e+00 1.5209465828e+01 1.1220737876e+01 -1.0267565061e+01 1.3890705072e+01 6.7507729578e-01 7.3774700590e-01
3.3316268787e-04 1.0189468850e-04 -5.2646003450e+00 -8.3117245626e+00 -2.0352957141e+00 1.4662621311e+01 4.8155203311e+00 -1.2115416390e+01 4.8155203311e+00 1.2115416390e+01 1.0000000000e+00 1.5792746407e+01 1.1840646488e+01 -1.0450355488e+01 1.3938429353e+01 6.6171869153e-01 7.4975220792e-01
3.2624387256e-04 1.0771675824e-04 -4.9151777552e+00 -8.1377567166e+00 -3.0531580781e+00 1.4185199893e+01 4.2056610603e+00 -1.2173996894e+01 4.2056610603e+00 1.2173996894e+01 1.0000000000e+00 1.7461043735e+01 1.3682123014e+01 -1.0848389657e+01 1.4095318248e+01 6.2129101913e-01 7.8357990630e-01
3.2270856422e-04 1.1051804508e-04 -4.7336889956e+00 -8.0542089830e+00 -3.5223846734e+00 1.3987799511e+01 3.9478229785e+00 -1.2203896648e+01 3.9478229785e+00 1.2203896648e+01 1.0000000000e+00 1.7987588606e+01 1.4284649632e+01 -1.0931702921e+01 1.4153664883e+01 6.0773587611e-01 7.9413922261e-01
3.1549411550e-04 1.1590456035e-04 -4.3600267954e+00 -7.8906769937e+00 -4.3934449367e+00 1.3665590124e+01 3.5130962706e+00 -1.2266568003e+01 3.5130962706e+00 1.2266568003e+01 1.0000000000e+00 1.8993197284e+01 1.5464510394e+01 -1.1026806488e+01 1.4272459363e+01 5.8056610078e-01 8.1421311867e-01
3.0433575904e-04 1.2345395451e-04 -3.7710707780e+00 -7.6539675189e+00 -5.5526103041e+00 1.3345373753e+01 3.0431145877e+00 -1.2366795670e+01 3.0431145878e+00 1.2366795670e+01 1.0000000000e+00 2.0406900208e+01 1.7179064195e+01 -1.1014596202e+01 1.4465481361e+01 5.3974861883e-01 8.4182624601e-01
2.9280677178e-04 1.3038082656e-04 -3.1368406496e+00 -7.4254777453e+00 -6.5669622405e+00 1.3198790805e+01 2.7684239791e+00 -1.2472226869e+01 2.7684239794e+00 1.2472226869e+01 1.0000000000e+00 2.2123484429e+01 1.9342598198e+01 -1.0738363853e+01 1.4742962993e+01 4.8538302759e-01 8.7430161645e-01
2.8094037620e-04 1.3669834013e-04 -2.4530608430e+00 -7.2028786135e+00 -7.4634794847e+00 1.3207711265e+01 2.6672054907e+00 -1.2583745818e+01 2.6672055091e+00 1.2583745818e+01 1.0000000000e+00 2.3297894261e+01 2.0868232829e+01 -1.0358992981e+01 1.4964042882e+01 4.4463215711e-01 8.9571326040e-01
2.6876516625e-04 1.4241580381e-04 -1.6995041012e+00 -6.9834910250e+00 -8.2624585574e+00 1.3363545548e+01 2.7344652904e+00 -1.2696427949e+01 2.7344651109e+00 1.2696427949e+01 1.0000000000e+00 2.4415568473e+01 2.2337124488e+01 -9.8576292017e+00 1.5195711046e+01 4.0374358732e-01 9.1487218544e-01
2.5209045559e-04 1.4911124927e-04 -5.3896579448e-01 -6.6949879877e+00 -9.2048847672e+00 1.3811683297e+01 3.1022537885e+00 -1.2846104350e+01 3.1022534402e+00 1.2846104350e+01 1.0000000000e+00 2.6192148289e+01 2.4685889495e+01 -8.7541699681e+00 1.5611352408e+01 3.3422878764e-01 9.4249197212e-01
5.2459693418e-05 1.5032595006e-04 1.0084614952e+01 3.2463145132e+00 -1.8986854771e+01 2.5435916927e+01 1.0234313575e+01 -1.9136553395e+01 9.9873179400e+00 1.8545728156e+01 1.0000000000e+00 2.7104340236e+01 2.5233388936e+01 9.8955213333e+00 2.0583326456e+01 -3.6508991722e-01 9.3097226185e-01
4.3606910822e-05 1.4342275963e-04 4.4778431963e+01 -1.0576302107e+01 -2.3629073613e+00 4.1472823119e+01 4.5152107892e+01 -2.7365832912e+00 4.8472453921e+01 2.3142626246e+01 1.0000000000e+00 1.9162893056e+01 1.4808764783e+01 1.2162111490e+01 2.1759079969e+01 -6.3466990366e-01 7.7278335476e-01
4.1039062434e-05 1.4064475381e-04 -6.6286889832e+01 -4.4102453370e+01 -6.8342954449e+01 7.7146537236e+01 -2.2774348101e+01 -1.1185549618e+02 4.7931660534e+00 1.1436239447e+02 1.0000000000e+00 9.8712820153e+00 5.3576250647e+00 8.2908420737e+00 2.1853178226e+01 -8.3989516872e-01 5.4274865782e-01
2.0190800343e-05 1.3495361615e-04 -6.4858988331e+01 -9.8751548188e+00 -3.5212247563e+01 3.0763583832e+01 -3.2274254540e+01 -6.7796981354e+01 6.3673427417e-07 6.7796981490e+01 1.0000000000e+00 1.0067764388e+01 9.8674868493e+00 1.9981449020e+00 2.0261793800e+01 -1.9846957328e-01 9.8010704950e-01
1.6271502291e-06 1.3246937085e-04 -4.7426439139e+01 -4.9493071703e+00 -3.4180766878e+01 1.4300185501e+01 -3.2547387060e+01 -4.9059818957e+01 -9.2337821263e-10 4.9059818957e+01 1.0000000000e+00 1.3454326049e+01 1.3351236555e+01 1.6623392844e+00 2.0116234050e+01 -1.2355425893e-01 9.9233781803e-01
-1.5158669930e-05 1.3082317899e-04 -4.4220114161e+01 -2.7927850436e+00 -3.3215659405e+01 1.0623349412e+01 -3.2584493140e+01 -4.4851280425e+01 1.8932516053e-08 4.4851280425e+01 1.0000000000e+00 1.5046419896e+01 1.4977517923e+01 1.4383005755e+00 2.0139380718e+01 -9.5590883776e-02 9.9542070650e-01
-3.2322173884e-05 1.2934729996e-04 -3.5864633677e+01 -1.4074708903e-02 -3.2183093266e+01 3.0566133406e+00 -3.2259126936e+01 -3.5788600006e+01 -2.4284079179e-08 3.5788600006e+01 1.0000000000e+00 1.6397148673e+01 1.6329734172e+01 1.4853506245e+00 2.0249159332e+01 -9.0585909427e-02 9.9588864489e-01
-4.9864668777e-05 1.2777669439e-04 -2.8623835283e+01 2.0939177041e+00 -3.1595716242e+01 4.3652044220e+00 -2.7589523814e+01 -3.2630027710e+01 -5.3225795585e-08 3.2630027710e+01 1.0000000000e+00 1.7351030345e+01 1.7272206035e+01 1.6520147403e+00 2.0399881645e+01 -9.5211333709e-02 9.9545708191e-01
-6.5155592060e-05 1.2625642324e-04 -2.3391450009e+01 3.6581472932e+00 -3.1208664070e+01 9.2353207569e+00 -2.1968042115e+01 -3.2632071965e+01 -5.7681646167e-07 3.2632071965e+01 1.0000000000e+00 1.8023131595e+01 1.7922787976e+01 1.8991955253e+00 2.0573602471e+01 -1.0537544573e-01 9.9443250924e-01
-6.7723820755e-05 1.2598286040e-04 -2.2603167563e+01 3.9081341484e+00 -3.1147283006e+01 1.0005840534e+01 -2.1098350558e+01 -3.2652100010e+01 -6.9053181881e-07 3.2652100010e+01 1.0000000000e+00 1.8154654456e+01 1.8047420195e+01 1.9703052303e+00 2.0619494111e+01 -1.0852893043e-01 9.9409329102e-01
-8.0638276264e-05 1.2451520938e-04 -1.9036978458e+01 5.1366114062e+00 -3.0840672972e+01 1.3536084800e+01 -1.7123763512e+01 -3.2753887918e+01 2.5477163558e-07 3.2753887918e+01 1.0000000000e+00 1.8476695070e+01 1.8345142285e+01 2.2009123689e+00 2.0760604427e+01 -1.1911829256e-01 9.9288006948e-01
-8.5834825040e-05 1.2387799168e-04 -1.7773042405e+01 5.6241134025e+00 -3.0712909651e+01 1.4837178864e+01 -1.5676726817e+01 -3.2809225239e+01 -1.8532210386e-06 3.2809225239e+01 1.0000000000e+00 1.8636227517e+01 1.8485384355e+01 2.3663349980e+00 2.0857345928e+01 -1.2697500048e-01 9.9190591754e-01
-9.8890651115e-05 1.2214770984e-04 -1.5001283814e+01 6.8372130789e+00 -3.0374445205e+01 1.7811217680e+01 -1.2404553187e+01 -3.2971175832e+01 2.3403275152e-05 3.2971175832e+01 1.0000000000e+00 1.8804593920e+01 1.8620090018e+01 2.6277367138e+00 2.1004394154e+01 -1.3973908317e-01 9.9018836018e-01
-1.0151147343e-04 1.2177693044e-04 -1.4511165861e+01 7.0771787395e+00 -3.0302172044e+01 1.8359940703e+01 -1.1806552245e+01 -3.3006785660e+01 2.4972172825e-05 3.3006785660e+01 1.0000000000e+00 1.8843885415e+01 1.8646880576e+01 2.7176942981e+00 2.1053883555e+01 -1.4422154658e-01 9.8954542367e-01
-1.1465432022e-04 1.1979201493e-04 -1.2369427808e+01 8.2944087775e+00 -2.9909862785e+01 2.0902809677e+01 -9.0714025029e+00 -3.3207888091e+01 -5.3131075175e-05 3.3207888091e+01 1.0000000000e+00 1.8913753705e+01 1.8675375418e+01 2.9933981041e+00 2.1203162069e+01 -1.5826568067e-01 9.8739656386e-01
-1.1728947902e-04 1.1936797612e-04 -1.2000779430e+01 8.5394706674e+00 -2.9824089437e+01 2.1372359216e+01 -8.5730970868e+00 -3.3251771780e+01 -1.4803368548e-05 3.3251771780e+01 1.0000000000e+00 1.8923076136e+01 1.8669584148e+01 3.0869788127e+00 2.1252948730e+01 -1.6313303347e-01 9.8660408138e-01
-1.3048923984e-04 1.1710621849e-04 -1.0439993820e+01 9.7653435515e+00 -2.9357849214e+01 2.3544051311e+01 -6.3057571553e+00 -3.3492085879e+01 -6.5890175758e-04 3.3492085879e+01 1.0000000000e+00 1.8910196965e+01 1.8607431370e+01 3.3703185433e+00 2.1402614480e+01 -1.7822757476e-01 9.8398929445e-01
-1.3313284572e-04 1.1662482644e-04 -1.0181176831e+01 1.0012684285e+01 -2.9255681078e+01 2.3947614231e+01 -5.8922674319e+00 -3.3544590478e+01 -1.8475646225e-03 3.3544590478e+01 1.0000000000e+00 1.8893192559e+01 1.8572657567e+01 3.4654171424e+00 2.1452693636e+01 -1.8342146948e-01 9.8303436590e-01
-1.4636061954e-04 1.1406722128e-04 -9.1574017519e+00 1.1243908720e+01 -2.8694314028e+01 2.5795400501e+01 -4.0328764672e+00 -3.3818839313e+01 -2.6934239841e-02 3.3818839313e+01 1.0000000000e+00 1.8808990554e+01 1.8431133799e+01 3.7511908170e+00 2.1601669316e+01 -1.9943605194e-01 9.7991084349e-01
-1.4900702708e-04 1.1352491535e-04 -9.0060395297e+00 1.1489915142e+01 -2.8571357428e+01 2.6133299769e+01 -3.7006308223e+00 -3.3876766136e+01 -1.3002529030e-04 3.3876766136e+01 1.0000000000e+00 1.8769650706e+01 1.8371343555e+01 3.8462349901e+00 2.1651072451e+01 -2.0491777127e-01 9.7877919217e-01
-1.6223484935e-04 1.1065460593e-04 -8.4785606222e+00 1.2720837084e+01 -2.7896002245e+01 2.7714313306e+01 -2.1864151857e+00 -3.4188147681e+01 6.4314060972e-02 3.4188147681e+01 1.0000000000e+00 1.8620084847e+01 1.8156367227e+01 4.1296354357e+00 2.1799110205e+01 -2.2178392148e-01 9.7509583743e-01
-1.6487851733e-04 1.1004818469e-04 -8.4212880653e+00 1.2965948496e+01 -2.7748653634e+01 2.8006021201e+01 -1.9156869704e+00 -3.4254254729e+01 4.5707848359e-02 3.4254254729e+01 1.0000000000e+00 1.8559573385e+01 1.8072729546e+01 4.2230570700e+00 2.1848388045e+01 -2.2754063266e-01 9.7376858672e-01
-1.7544187158e-04 1.0751192818e-04 -8.3420410696e+00 1.3939759856e+01 -2.7108154906e+01 2.9100788781e+01 -9.2374975140e-01 -3.4526446224e+01 -3.4975439997e-01 3.4526446224e+01 1.0000000000e+00 1.8423600826e+01 1.7888479113e+01 4.4081041767e+00 2.1945798858e+01 -2.3926398635e-01 9.7095455343e-01
-1.8071463917e-04 1.0617632616e-04 -8.3884049801e+00 1.4422439217e+01 -2.6758996643e+01 2.9613851915e+01 -4.7613543655e-01 -3.4671266187e+01 -2.5017901931e-01 3.4671266187e+01 1.0000000000e+00 1.8267258682e+01 1.7681274493e+01 4.5896919361e+00 2.2042885647e+01 -2.5125236446e-01 9.6792161323e-01
-1.8597990737e-04 1.0479491408e-04 -8.4915753302e+00 1.4902008758e+01 -2.6385992004e+01 3.0102660636e+01 -5.9004445545e-02 -3.4818562888e+01 -6.5298362519e-02 3.4818562888e+01 1.0000000000e+00 1.8181182985e+01 1.7568812633e+01 4.6789141258e+00 2.2091030126e+01 -2.5734926763e-01 9.6631845395e-01
-1.9123651958e-04 1.0336706893e-04 -8.6459171047e+00 1.5375625767e+01 -2.5992021613e+01 3.0572614353e+01 3.3213776801e-01 -3.4970076485e+01 3.3211976192e-01 3.4970076485e+01 1.0000000000e+00 1.8089640982e+01 1.7450302434e+01 4.7667657609e+00 2.2139064610e+01 -2.6350803566e-01 9.6465720085e-01
-1.9648332199e-04 1.0189224069e-04 -8.8573365369e+00 1.5838300463e+01 -2.5576000220e+01 3.1015167110e+01 6.8994670143e-01 -3.5123283458e+01 6.8995134388e-01 3.5123283458e+01 1.0000000000e+00 1.7890362087e+01 1.7195355776e+01 4.9380963262e+00 2.2234648802e+01 -2.7601992079e-01 9.6115191480e-01
-2.0171902321e-04 1.0036989971e-04 -9.1193566171e+00 1.6292779687e+01 -2.5133442155e+01 3.1440549622e+01 1.0258104012e+00 -3.5278609174e+01 1.0258104608e+00 3.5278609173e+01 1.0000000000e+00 1.7782036767e+01 1.7058400136e+01 5.0211369644e+00 2.2282380762e+01 -2.8237130707e-01 9.5930518864e-01
-2.0433234231e-04 9.9590760136e-05 -9.2719759930e+00 1.6515698186e+01 -2.4902877380e+01 3.1644089613e+01 1.1822969711e+00 -3.5357150339e+01 1.1822969731e+00 3.5357150344e+01 1.0000000000e+00 1.7668747380e+01 1.6915984686e+01 5.1023618127e+00 2.2328973441e+01 -2.8877892151e-01 9.5739580869e-01
-2.1215224136e-04 9.7180750709e-05 -9.8062483059e+00 1.7167081745e+01 -2.4167190861e+01 3.2226149247e+01 1.6190563590e+00 -3.5592495527e+01 1.6190563589e+00 3.5592495526e+01 1.0000000000e+00 1.7422778891e+01 1.6610487235e+01 5.2578453851e+00 2.2423467935e+01 -3.0177995244e-01 9.5337760636e-01
-2.1734723770e-04 9.5513101482e-05 -1.0228320948e+01 1.7579013235e+01 -2.3641113704e+01 3.2583736939e+01 1.8775119671e+00 -3.5746946619e+01 1.8775119672e+00 3.5746946619e+01 1.0000000000e+00 1.7290128970e+01 1.6447588906e+01 5.3315456474e+00 2.2469295817e+01 -3.0835777203e-01 9.5127045809e-01
-2.1993875358e-04 9.4660858188e-05 -1.0458746058e+01 1.7777025923e+01 -2.3366743361e+01 3.2753386665e+01 1.9974318986e+00 -3.5822921318e+01 1.9974318986e+00 3.5822921318e+01 1.0000000000e+00 1.7151049005e+01 1.6277961679e+01 5.4024481075e+00 2.2515650309e+01 -3.1499228449e-01 9.4909423173e-01
-2.2510892322e-04 9.2919398445e-05 -1.0964557994e+01 1.8154451762e+01 -2.2792182154e+01 3.3066039918e+01 2.2123169739e+00 -3.5969057121e+01 2.2123169739e+00 3.5969057121e+01 1.0000000000e+00 1.7005044300e+01 1.6101238761e+01 5.4700678257e+00 2.2561773261e+01 -3.2167324761e-01 9.4685073891e-01
-2.3282905381e-04 9.0214720312e-05 -1.1842532541e+01 1.8651341297e+01 -2.1862112856e+01 3.3444688198e+01 2.4569770354e+00 -3.6161622432e+01 2.4569770354e+00 3.6161622432e+01 1.0000000000e+00 1.6693326535e+01 1.5727844484e+01 5.5948242781e+00 2.2652090552e+01 -3.3515334804e-01 9.4216359158e-01
-2.4050025712e-04 8.7399577485e-05 -1.3039867899e+01 1.8978147318e+01 -2.0825727449e+01 3.3550157848e+01 2.4373949905e+00 -3.6302990339e+01 2.4373949905e+00 3.6302990339e+01 1.0000000000e+00 1.6352504560e+01 1.5325412769e+01 5.7040449563e+00 2.2741199466e+01 -3.4881781780e-01 9.3719055159e-01
-2.4557893252e-04 8.5461984030e-05 -1.4406021806e+01 1.9170348239e+01 -1.9996187823e+01 3.3548792943e+01 2.1682998224e+00 -3.6570509451e+01 2.1682998224e+00 3.6570509451e+01 1.0000000000e+00 1.5973421751e+01 1.4883398045e+01 5.7995400736e+00 2.2830515584e+01 -3.6307437217e-01 9.3176016242e-01
-2.4810544728e-04 8.4474883227e-05 -1.5179339626e+01 1.9417434525e+01 -1.9494789844e+01 3.3825610039e+01 2.1921603263e+00 -3.6866289797e+01 2.1921603263e+00 3.6866289797e+01 1.0000000000e+00 1.5973421751e+01 1.4883398045e+01 5.7995400736e+00 2.2830515584e+01 -3.6307437217e-01 9.3176016242e-01
-2.5313707827e-04 8.2463316792e-05 -1.6247110990e+01 2.0241224764e+01 -1.8352197190e+01 3.5086922021e+01 2.9577897834e+00 -3.7557097964e+01 2.9577897834e+00 3.7557097964e+01 1.0000000000e+00 1.5528820181e+01 1.4380490354e+01 5.8605250104e+00 2.2917193302e+01 -3.7739666904e-01 9.2605170169e-01
-2.5564561647e-04 8.1438432317e-05 -1.6431165110e+01 2.0727987413e+01 -1.7736601506e+01 3.5898828699e+01 3.6423151049e+00 -3.7810081721e+01 3.6423151048e+00 3.7810081721e+01 1.0000000000e+00 1.5285479055e+01 1.4112296377e+01 5.8727302754e+00 2.2958715102e+01 -3.8420322022e-01 9.2324855027e-01
-2.5815113368e-04 8.0400338914e-05 -1.6458660306e+01 2.1172223288e+01 -1.7152914639e+01 3.6659557732e+01 4.3596180527e+00 -3.7971192998e+01 4.3596180527e+00 3.7971192998e+01 1.0000000000e+00 1.5285479055e+01 1.4112296377e+01 5.8727302754e+00 2.2958715102e+01 -3.8420322022e-01 9.2324855027e-01
-2.6065389900e-04 7.9349141137e-05 -1.6484366276e+01 2.1512598444e+01 -1.6630102753e+01 3.7249104457e+01 4.9485459705e+00 -3.8063015000e+01 4.9485459705e+00 3.8063015000e+01 1.0000000000e+00 1.5030064023e+01 1.3834429329e+01 5.8746395355e+00 2.2998930862e+01 -3.9085924894e-01 9.2045045903e-01
-2.6813886048e-04 7.6121590465e-05 -1.6940029354e+01 2.2270559484e+01 -1.5070707398e+01 3.8588815416e+01 6.2738945922e+00 -3.8284631344e+01 6.2738945922e+00 3.8284631344e+01 1.0000000000e+00 1.4477047843e+01 1.3245739302e+01 5.8425426494e+00 2.3075555999e+01 -4.0357279417e-01 9.1494753938e-01
-2.7062497647e-04 7.5022653707e-05 -1.7149551714e+01 2.2499790357e+01 -1.4520735192e+01 3.9011930764e+01 6.6884052755e+00 -3.8358692181e+01 6.6884052756e+00 3.8358692181e+01 1.0000000000e+00 1.4175935289e+01 1.2932932561e+01 5.8048597475e+00 2.3111628045e+01 -4.0948689657e-01 9.1231599873e-01
-2.7310650914e-04 7.3913004764e-05 -1.7359605326e+01 2.2729417896e+01 -1.3950467375e+01 3.9448229118e+01 7.1204093501e+00 -3.8430482051e+01 7.1204093501e+00 3.8430482051e+01 1.0000000000e+00 1.4175935289e+01 1.2932932561e+01 5.8048597475e+00 2.3111628045e+01 -4.0948689657e-01 9.1231599873e-01
-2.7558356929e-04 7.2793216520e-05 -1.7578883099e+01 2.2958210947e+01 -1.3365237211e+01 3.9898471287e+01 7.5633329827e+00 -3.8507453293e+01 7.5633329827e+00 3.8507453293e+01 1.0000000000e+00 1.3857057162e+01 1.2607445993e+01 5.7506815880e+00 2.3145784953e+01 -4.1500020680e-01 9.0982131672e-01
-2.8052507366e-04 7.0526030198e-05 -1.7923231430e+01 2.3445715660e+01 -1.2127155658e+01 4.0900410490e+01 8.5886694622e+00 -3.8639056551e+01 8.5886694622e+00 3.8639056551e+01 1.0000000000e+00 1.3519145472e+01 1.2269122351e+01 5.6776695076e+00 2.3177505489e+01 -4.1997251375e-01 9.0753682443e-01
-2.8299024983e-04 6.9380413218e-05 -1.8065356379e+01 2.3715829405e+01 -1.1468374576e+01 4.1439937253e+01 9.1584934502e+00 -3.8692224406e+01 9.1584934502e+00 3.8692224406e+01 1.0000000000e+00 1.3160656112e+01 1.1917824201e+01 5.5828608821e+00 2.3206451034e+01 -4.2420840073e-01 9.0556459336e-01
-2.8545242344e-04 6.8228249641e-05 -1.8171438766e+01 2.4003128628e+01 -1.0787415294e+01 4.2021748351e+01 9.7818406925e+00 -3.8740694753e+01 9.7818406925e+00 3.8740694753e+01 1.0000000000e+00 1.2778530877e+01 1.1552016062e+01 5.4627626955e+00 2.3232005025e+01 -4.2749536298e-01 9.0401754111e-01
-2.8791230542e-04 6.7070869017e-05 -1.8220782936e+01 2.4317508662e+01 -1.0082145421e+01 4.2654895155e+01 1.0475351021e+01 -3.8778279379e+01 1.0475351021e+01 3.8778279379e+01 1.0000000000e+00 1.2778530877e+01 1.1552016062e+01 5.4627626955e+00 2.3232005025e+01 -4.2749536298e-01 9.0401754111e-01
-2.9282920865e-04 6.4747394220e-05 -1.8066759054e+01 2.5067227730e+01 -8.5916602724e+00 4.4108833872e+01 1.2137037447e+01 -3.8795456773e+01 1.2137037447e+01 3.8795456773e+01 1.0000000000e+00 1.1946102631e+01 1.0786278045e+01 5.1347418641e+00 2.3269421669e+01 -4.2982569484e-01 9.0291188499e-01
-2.9775188582e-04 6.2427764009e-05 -1.7376388827e+01 2.6042359505e+01 -7.0067212009e+00 4.5906075673e+01 1.4312330133e+01 -3.8695440161e+01 1.4312330133e+01 3.8695440161e+01 1.0000000000e+00 1.1487629991e+01 1.0383145088e+01 4.9148693650e+00 2.3278503430e+01 -4.2784015232e-01 9.0385441530e-01
-3.0269754588e-04 6.0139324297e-05 -1.5806006944e+01 2.7431438059e+01 -5.3176104010e+00 4.8180609909e+01 1.7255279428e+01 -3.8378896774e+01 1.7255279428e+01 3.8378896774e+01 1.0000000000e+00 1.1010906172e+01 9.9793754256e+00 4.6531839479e+00 2.3279529071e+01 -4.2259772947e-01 9.0631736111e-01
-3.0769333796e-04 5.7927026563e-05 -1.2730283768e+01 2.9410490606e+01 -3.6839859173e+00 5.1243550797e+01 2.1378343004e+01 -3.7792612689e+01 2.1378343004e+01 3.7792612689e+01 1.0000000000e+00 9.9730269711e+00 9.1605391844e+00 3.9428148342e+00 2.3238787587e+01 -3.9534785634e-01 9.1853147605e-01
-3.1539352749e-04 5.4969599403e-05 2.0647417086e+00 3.6022463481e+01 -2.7550246753e+00 6.1515189737e+01 3.5170669870e+01 -3.5860952837e+01 3.5170669870e+01 3.5860952837e+01 1.0000000000e+00 9.2511393206e+00 8.8141135726e+00 2.8098008218e+00 2.3060911037e+01 -3.0372484127e-01 9.5275979176e-01
-3.2113238750e-04 5.3633111318e-05 3.5462719629e+01 3.3793576730e+01 -4.3643707774e+00 6.7841322225e+01 5.4717380074e+01 -2.3619031223e+01 5.4717380074e+01 2.3619031224e+01 1.0000000000e+00 1.0155949925e+01 9.8976841789e+00 2.2757782783e+00 2.2920486809e+01 -2.2408325121e-01 9.7457000597e-01
-3.2468179684e-04 5.3041832964e-05 4.1808433605e+01 2.8088465346e+01 -4.8945577729e+00 6.3748008529e+01 5.5261867800e+01 -1.8347991969e+01 5.5261867800e+01 1.8347991965e+01 1.0000000000e+00 1.2108561998e+01 1.1859979964e+01 2.4409319793e+00 2.2858076121e+01 -2.0158727186e-01 9.7947055690e-01
-3.2977569333e-04 5.1766292644e-05 4.5395666090e+01 3.1656798441e+01 2.2705898448e+00 6.6391408401e+01 6.2164225480e+01 -1.4497969545e+01 6.2164225480e+01 1.4497969568e+01 1.0000000000e+00 1.5490812838e+01 1.4603506364e+01 5.1674833586e+00 2.3182122432e+01 -3.3358374494e-01 9.4272047029e-01
-3.3534099144e-04 4.9437522096e-05 5.2123155618e+01 4.2243877603e+01 1.6889401757e+01 7.9072756441e+01 8.0158955905e+01 -1.1146398529e+01 8.0158955905e+01 1.1146398406e+01 1.0000000000e+00 1.5400125202e+01 1.4038514996e+01 6.3311889044e+00 2.3418866276e+01 -4.1111282028e-01 9.1158447167e-01
-3.4082270472e-04 4.6590647568e-05 5.0992036754e+01 4.5367130111e+01 2.0819509353e+01 8.2820372158e+01 8.3722137213e+01 -1.1910591107e+01 8.3722137213e+01 1.1910591544e+01 1.0000000000e+00 1.3729836015e+01 1.1959362381e+01 6.7440379932e+00 2.3669244920e+01 -4.9119581513e-01 8.7104917840e-01
-3.4627101638e-04 4.3394106414e-05 5.3226235744e+01 4.9904767000e+01 2.6939619077e+01 8.9342591980e+01 9.1664896941e+01 -1.1499042119e+01 9.1664896941e+01 1.1499042150e+01 1.0000000000e+00 1.2908089089e+01 1.1056268484e+01 6.6616582878e+00 2.3740212841e+01 -5.1608400296e-01 8.5653797458e-01
-3.5171711509e-04 3.9894660624e-05 5.6410025809e+01 5.4779428543e+01 3.3152712421e+01 9.6963111719e+01 1.0076304777e+02 -1.1200309537e+01 1.0076304777e+02 1.1200299821e+01 1.0000000000e+00 1.1368556982e+01 9.4474079960e+00 6.3238097703e+00 2.3842347586e+01 -5.5625439361e-01 8.3101206344e-01
-3.5718338126e-04 3.6108310083e-05 6.0874392056e+01 6.0678009311e+01 4.0470041313e+01 1.0652735631e+02 1.1217581453e+02 -1.0831381158e+01 1.1217581453e+02 1.0831467903e+01 1.0000000000e+00 1.0627699065e+01 8.7112889570e+00 6.0878101246e+00 2.3878907624e+01 -5.7282485020e-01 8.1967779706e-01
-3.6826277233e-04 2.7652444340e-05 7.4649137083e+01 7.7115816534e+01 6.0228830793e+01 1.3410666634e+02 1.4486550385e+02 -9.9875359719e+00 1.4486550385e+02 9.9915875178e+00 1.0000000000e+00 7.7502313575e+00 6.0322210671e+00 4.8660451182e+00 2.3960205127e+01 -6.2785804626e-01 7.7832787034e-01
-3.7970002522e-04 1.7853112061e-05 1.0183267620e+02 1.0780054648e+02 9.5791879871e+01 1.8661964061e+02 2.0655717778e+02 -8.9326217083e+00 2.0655717778e+02 8.9678450767e+00 1.0000000000e+00 4.8165030204e+00 3.5733464050e+00 3.2295350773e+00 2.3944352358e+01 -6.7051449228e-01 7.4189643188e-01
-3.9204190557e-04 6.3942129925e-06 1.9974195483e+02 2.1045599711e+02 1.9464551733e+02 3.6070693278e+02 4.0544798082e+02 -1.1060508664e+01 4.0544798082e+02 8.1984041529e+00 1.0000000000e+00 1.8583956400e+00 1.3861340839e+00 1.2378475900e+00 2.3785615487e+01 -6.6608399386e-01 7.4587674124e-01
9.2762371786e-05 1.5722750896e-04 -8.3397827149e-01 -3.3634414530e+00 -1.8240724679e+01 1.6152355211e+01 -2.1178484621e-01 -1.8862918104e+01 -7.2086893204e-02 1.8862918112e+01 1.0000000000e+00 2.7678628184e+01 2.7556896295e+01 2.5930531637e+00 1.8934278531e+01 -9.3684309299e-02 9.9560195369e-01
3.0499379509e-04 1.1877209465e-04 -3.8785849749e+00 -7.8374329836e+00 -5.4736802959e+00 1.3643503412e+01 3.2009477323e+00 -1.2553213003e+01 3.2009477322e+00 1.2553213003e+01 1.0000000000e+00 2.0406900208e+01 1.7179064195e+01 -1.1014596202e+01 1.4465481361e+01 5.3974861883e-01 8.4182624601e-01
3.2578148989e-04 1.0373343733e-04 -4.8481976847e+00 -8.3727033105e+00 -3.0323575279e+00 1.4584891766e+01 4.4803135811e+00 -1.2360868794e+01 4.4803135811e+00 1.2360868794e+01 1.0000000000e+00 1.6917851588e+01 1.3071838826e+01 -1.0739680259e+01 1.4040949278e+01 6.3481348108e-01 7.7266541545e-01
3.4545575793e-04 8.5055713573e-05 -5.6885931763e+00 -9.0779680002e+00 4.4095048815e-01 1.6590976650e+01 6.9549834908e+00 -1.2202626179e+01 6.9549834908e+00 1.2202626179e+01 1.0000000000e+00 1.2733970359e+01 8.7359573832e+00 -9.2648286391e+00 1.3727888300e+01 7.2756794445e-01 6.8603563042e-01
3.6052461380e-04 6.7939010880e-05 -6.2767093022e+00 -9.7538976834e+00 4.5876917103e+00 1.9332573083e+01 1.0317157478e+01 -1.2006175070e+01 1.0317157478e+01 1.2006175070e+01 1.0000000000e+00 8.7096633716e+00 5.2075093969e+00 -6.9814097379e+00 1.3587851641e+01 8.0157055905e-01 5.9790019140e-01
-3.3375345736e-05 1.2706067645e-04 -3.2843854818e+01 -5.9374490693e-01 -3.2499125545e+01 7.8354085085e-01 -3.2219112660e+01 -3.3123867703e+01 5.9963854298e-08 3.3123867703e+01 1.0000000000e+00 1.6397148673e+01 1.6329734172e+01 1.4853506245e+00 2.0249159332e+01 -9.0585909427e-02 9.9588864489e-01
2.8536938931e-05 1.3423103333e-04 -6.1474592353e+01 -1.4979804708e+01 -3.9687865841e+01 3.1979909368e+01 -3.2117619815e+01 -6.9044838379e+01 1.6204090109e-05 6.9044849226e+01 1.0000000000e+00 7.8213152913e+00 7.5181460217e+00 2.1564909649e+00 2.0497167005e+01 -2.7571973314e-01 9.6123807080e-01
4.6785504321e-05 1.4275288739e-04 2.8921940560e+01 -9.9946161560e+00 3.9163269308e+01 1.4362355992e+01 4.2334715032e+01 2.5750494836e+01 4.8979485725e+01 4.8838232922e+00 0.0000000000e+00 nan nan nan nan nan nan
7.7837803749e-05 1.5448613486e-04 6.4278267063e-01 -2.7603441803e+00 -1.8784290711e+01 1.7465834520e+01 1.0131502416e+00 -1.9154658282e+01 8.1239921058e-01 1.9154652787e+01 1.0000000000e+00 2.8188159674e+01 2.7826419715e+01 4.5014121814e+00 1.9388821515e+01 -1.5969159510e-01 9.8716695369e-01
3.7097466959e-04 5.2640713940e-05 -6.5070018953e+00 -1.0528124598e+01 9.1775059076e+00 2.2728479232e+01 1.4457545609e+01 -1.1787041596e+01 1.4457545609e+01 1.1787041621e+01 1.0000000000e+00 5.9693687928e+00 3.1840311584e+00 -5.0492880060e+00 1.3578669286e+01 8.4586631874e-01 5.3339494825e-01
3.8020522554e-04 3.6083191360e-05 -6.2822680572e+00 -1.1776118236e+01 1.5883341237e+01 2.7992833267e+01 2.0962206412e+01 -1.1361133232e+01 2.0962206412e+01 1.1361111113e+01 1.0000000000e+00 2.8237624891e+00 1.2718514921e+00 -2.5211164941e+00 1.3673537860e+01 8.9282172415e-01 4.5041022290e-01
2.8945451163e-04 1.2850511829e-04 -3.0999736553e+00 -7.4793802900e+00 -6.8432700515e+00 1.3353202907e+01 2.7378534395e+00 -1.2681097146e+01 2.7378534393e+00 1.2681097146e+01 1.0000000000e+00 2.2123484429e+01 1.9342598198e+01 -1.0738363853e+01 1.4742962993e+01 4.8538302759e-01 8.7430161645e-01
3.1530180861e-04 1.1239280880e-04 -4.3636565705e+00 -8.0584705649e+00 -4.3771724944e+00 1.3956224008e+01 3.6872151557e+00 -1.2428044221e+01 3.6872151557e+00 1.2428044221e+01 1.0000000000e+00 1.8497648490e+01 1.4878540931e+01 -1.0990542271e+01 1.4212955359e+01 5.9415888875e-01 8.0434769529e-01
3.3563782968e-04 9.4716068850e-05 -5.2760487852e+00 -8.7109882669e+00 -1.4823985962e+00 1.5438190618e+01 5.5340198181e+00 -1.2292467200e+01 5.5340198181e+00 1.2292467200e+01 1.0000000000e+00 1.5209465828e+01 1.1220737876e+01 -1.0267565061e+01 1.3890705072e+01 6.7507729578e-01 7.3774700590e-01
-1.8576503664e-05 1.2830302915e-04 -3.9245627375e+01 -2.9145504590e+00 -3.3404767624e+01 7.0065208223e+00 -3.2279980817e+01 -4.0370414183e+01 -2.9754819545e-08 4.0370414183e+01 1.0000000000e+00 1.5436036492e+01 1.5369101320e+01 1.4359481920e+00 2.0161161655e+01 -9.3025705964e-02 9.9566370730e-01
2.4069888546e-05 1.3332155698e-04 -5.9571124561e+01 -1.2268091116e+01 -3.7649277061e+01 2.8398335969e+01 -3.2214413894e+01 -6.5005987727e+01 5.9850306850e-06 6.5005989080e+01 1.0000000000e+00 9.0879621710e+00 8.8426332701e+00 2.0973538741e+00 2.0349855846e+01 -2.3078373728e-01 9.7300507019e-01
3.2963868895e-05 1.3520514438e-04 -6.1393532156e+01 -1.8114961803e+01 -4.3052549294e+01 3.4975899779e+01 -3.2029695573e+01 -7.2416385877e+01 -2.4543197216e-03 7.2415740512e+01 1.0000000000e+00 6.2172056564e+00 5.8305734302e+00 2.1582538424e+00 2.0718619064e+01 -3.4714210237e-01 9.3781254031e-01
6.9908379063e-05 1.5321888705e-04 1.9096549440e+00 -2.1369123170e+00 -1.9110208399e+01 1.8543310787e+01 2.1057087466e+00 -1.9306262202e+01 1.8075346329e+00 1.9306211595e+01 1.0000000000e+00 2.8283573003e+01 2.7706428496e+01 5.6845687486e+00 1.9657554648e+01 -2.0098481716e-01 9.7959435649e-01
8.5443280215e-05 1.5649434048e-04 2.2188137119e-01 -2.9796743506e+00 -1.8443186482e+01 1.6957631253e+01 6.7984041341e-01 -1.8901145525e+01 5.7468056167e-01 1.8901145532e+01 1.0000000000e+00 2.7986281056e+01 2.7769670920e+01 3.4752416222e+00 1.9148677936e+01 -1.2417661408e-01 9.9226013148e-01
1.0021389645e-04 1.5835750961e-04 -1.6740137744e+00 -3.5425707437e+00 -1.8017069242e+01 1.5422015206e+01 -9.4163687738e-01 -1.8749446139e+01 9.9393472749e-03 1.8749446139e+01 1.0000000000e+00 2.7320234613e+01 2.7258118881e+01 1.8412426142e+00 1.8735124532e+01 -6.7394831718e-02 9.9772638366e-01
2.9713701367e-04 1.2411457339e-04 -3.4859303743e+00 -7.6426152355e+00 -6.2039237625e+00 1.3443999409e+01 2.9169696092e+00 -1.2606823746e+01 2.9169696097e+00 1.2606823746e+01 1.0000000000e+00 2.1285881158e+01 1.8277186391e+01 -1.0910233468e+01 1.4600906061e+01 5.1255728558e-01 8.5865303179e-01
3.5190372137e-04 7.8207574478e-05 -5.9527963458e+00 -9.3385123146e+00 1.9871699975e+00 1.7571901086e+01 8.1623286479e+00 -1.2127954996e+01 8.1623286479e+00 1.2127954996e+01 1.0000000000e+00 1.1421384021e+01 7.5153047803e+00 -8.6004771385e+00 1.3666392340e+01 7.5301531958e-01 6.5800298516e-01
3.7610979920e-04 4.4615967527e-05 -6.5699066257e+00 -1.0949696792e+01 1.2269392737e+01 2.5008756074e+01 1.7288555107e+01 -1.1589068996e+01 1.7288555107e+01 1.1589068894e+01 1.0000000000e+00 4.0196652376e+00 1.9432865713e+00 -3.5187136747e+00 1.3621393462e+01 8.7537480528e-01 4.8344487822e-01
3.9074593665e-04 1.2579271935e-05 -1.3842469803e+00 -1.9003099997e+01 3.4213746015e+01 4.4852360507e+01 4.2310271930e+01 -9.4807728952e+00 4.2310271930e+01 9.3323021991e+00 1.0000000000e+00 3.8943476919e-02 1.4443614908e-02 -3.6165956132e-02 1.3963822014e+01 9.2867815083e-01 3.7088662981e-01
-2.2338393141e-04 3.9598942425e-05 9.6370113275e+01 4.0176743434e+01 -2.8112614910e+01 1.2830999456e+02 1.0820855908e+02 -3.9951060717e+01 1.0820855908e+02 3.9951060717e+01 0.0000000000e+00 nan nan nan nan nan nan
1.1110506435e-04 6.6270128629e-05 1.6211850053e+01 -2.8774962143e+00 -2.2614054963e+01 3.3993391399e+01 1.6424991220e+01 -2.2827196130e+01 1.6424990590e+01 2.2827196130e+01 0.0000000000e+00 nan nan nan nan nan nan
2.7020932959e-04 6.6330215966e-05 -3.4097188236e+00 -6.1355085035e+00 -1.1951891234e+01 1.2945948657e+01 -2.0645808685e-01 -1.5155151971e+01 -3.8290041338e-02 1.5155151971e+01 0.0000000000e+00 nan nan nan nan nan nan
1.5558931689e-04 1.1857292223e-04 -7.3613155009e+00 -2.5730613139e+00 -1.6582482134e+01 9.1469561351e+00 -6.6909012304e+00 -1.7252896404e+01 -4.0712412696e-08 1.7252896404e+01 0.0000000000e+00 nan nan nan nan nan nan
4.4341748347e-05 9.2527420088e-05 9.9386718600e+00 1.4997516100e+00 -2.1333443273e+01 2.7211273475e+01 1.0013050359e+01 -2.1407821772e+01 1.0013036496e+01 2.1407821772e+01 0.0000000000e+00 nan nan nan nan nan nan
-2.2402132194e-04 6.6000214264e-05 2.9709167024e+01 3.1056215628e+01 -2.3028583574e+01 7.0560646609e+01 4.4078500039e+01 -3.7397916588e+01 4.4078500039e+01 3.7397916588e+01 0.0000000000e+00 nan nan nan nan nan nan
2.2483668718e-04 1.1679296624e-04 -4.9620644897e+00 -4.6260241873e+00 -1.2596779663e+01 1.0386420159e+01 -2.7828196015e+00 -1.4776024551e+01 -2.7006916279e-05 1.4776024551e+01 0.0000000000e+00 nan nan nan nan nan nan
2.4467490122e-04 3.8461037921e-05 2.0606422329e+01 -1.4033373305e+01 -1.1914919797e+01 3.7201588815e+01 2.5824098583e+01 -1.7132596051e+01 2.5824238500e+01 1.7132596051e+01 0.0000000000e+00 nan nan nan nan nan nan
2.2548671832e-04 3.9084437826e-05 1.9786068357e+01 -1.1276711817e+01 -1.4008531867e+01 3.5185031796e+01 2.3202855824e+01 -1.7425319333e+01 2.3202852711e+01 1.7425319333e+01 0.0000000000e+00 nan nan nan nan nan nan
2.8991301192e-04 9.2254120351e-05 -3.6390470985e+00 -7.9902542320e+00 -7.7739021375e+00 1.4294108098e+01 2.5462325403e+00 -1.3959181776e+01 2.5462347689e+00 1.3959181776e+01 0.0000000000e+00 nan nan nan nan nan nan
2.0205833014e-04 9.2167503102e-05 -6.4393986673e+00 -2.9319556823e+00 -1.6201647798e+01 9.8639170407e+00 -5.6255880740e+00 -1.7015458391e+01 4.0593511028e-05 1.7015458391e+01 0.0000000000e+00 nan nan nan nan nan nan
3.3553345057e-04 6.6963177287e-05 -3.8671008732e+00 -1.0598156965e+01 -1.3272342064e+00 1.8484452997e+01 8.0748363740e+00 -1.3269171454e+01 8.0748363740e+00 1.3269171454e+01 0.0000000000e+00 nan nan nan nan nan nan
-1.5724378923e-04 6.6337575522e-05 4.6829448285e+01 1.9143218670e+01 -3.4662227351e+01 7.7972738940e+01 5.1101192283e+01 -3.8933971350e+01 5.1101192283e+01 3.8933971350e+01 0.0000000000e+00 nan nan nan nan nan nan
-8.9197626127e-05 6.4581698947e-05 5.4950094754e+01 4.5067483439e+00 -4.0682715398e+01 8.3186523163e+01 5.5161451220e+01 -4.0894071863e+01 5.5161451220e+01 4.0894071863e+01 0.0000000000e+00 nan nan nan nan nan nan
-6.7070686508e-05 6.4502074569e-05 5.5869869194e+01 2.8293773106e-01 -4.1163122474e+01 8.4033760026e+01 5.5870287331e+01 -4.1163540612e+01 5.5870287330e+01 4.1163540612e+01 0.0000000000e+00 nan nan nan nan nan nan
-4.4921530191e-05 6.4719399959e-05 5.5993695329e+01 -3.1961490027e+00 -4.0546730976e+01 8.3789081094e+01 5.6099130701e+01 -4.0652166348e+01 5.6099130701e+01 4.0652166348e+01 0.0000000000e+00 nan nan nan nan nan nan
-2.2902698745e-05 6.5353343098e-05 5.4715796952e+01 -5.5378880449e+00 -3.8150713537e+01 8.0994509039e+01 5.5044743304e+01 -3.8479659889e+01 5.5044743304e+01 3.8479659889e+01 0.0000000000e+00 nan nan nan nan nan nan
7.3323448982e-07 6.4840773401e-05 5.3225820667e+01 -6.9195051910e+00 -3.2074363656e+01 7.4837791337e+01 5.3783347479e+01 -3.2631890469e+01 5.3783347479e+01 3.2631890469e+01 0.0000000000e+00 nan nan nan nan nan nan
2.1740523338e-05 6.6839295511e-05 4.4976731689e+01 -7.5114466271e+00 -2.1140684707e+01 5.8721400804e+01 4.5820840053e+01 -2.1984793070e+01 4.5820840053e+01 2.1984793070e+01 0.0000000000e+00 nan nan nan nan nan nan
1.8009931147e-04 9.2681228570e-05 -5.4692417108e+00 -3.1573702579e+00 -1.6289732889e+01 1.0851793172e+01 -4.6142015910e+00 -1.7144773009e+01 -2.6322056256e-04 1.7144773009e+01 0.0000000000e+00 nan nan nan nan nan nan
4.4657664676e-05 1.1885770522e-04 -7.7753631782e+00 6.3244119417e+00 -1.5688573976e+01 1.2887611984e+01 -4.2913023290e+00 -1.9172634825e+01 -4.4739243288e-01 1.9172625282e+01 0.0000000000e+00 nan nan nan nan nan nan
1.5773690159e-04 1.4305863164e-04 -5.0086213939e+00 -2.6513538955e+00 -1.6763179964e+01 1.1170299425e+01 -4.4367252988e+00 -1.7335076059e+01 7.0675993845e-07 1.7335076059e+01 0.0000000000e+00 nan nan nan nan nan nan
2.7077303762e-04 9.1812793872e-05 -3.8525741012e+00 -6.8548442696e+00 -9.9157450502e+00 1.2980979197e+01 6.1041225778e-01 -1.4378731409e+01 6.1664547377e-01 1.4378731409e+01 0.0000000000e+00 nan nan nan nan nan nan
2.9190333814e-04 3.8219368727e-05 -1.6057791792e+00 -7.4780652599e+00 -1.1806070437e+01 1.5672891581e+01 2.3428233653e+00 -1.5754672981e+01 2.3428474517e+00 1.5754672981e+01 0.0000000000e+00 nan nan nan nan nan nan
9.0276081968e-05 6.4641971132e-05 2.3057880780e+01 -4.0009624058e+00 -2.2235220222e+01 3.9834450906e+01 2.3409761233e+01 -2.2587100675e+01 2.3409761259e+01 2.2587100675e+01 0.0000000000e+00 nan nan nan nan nan nan
2.0248286197e-04 3.8778241223e-05 2.2173027882e+01 -1.0181906221e+01 -1.5070272455e+01 3.6760323990e+01 2.4774960665e+01 -1.7672205238e+01 2.4774960654e+01 1.7672205238e+01 0.0000000000e+00 nan nan nan nan nan nan
-1.5546376280e-04 3.9200542962e-05 1.0400010925e+02 2.1191103045e+01 -4.1515734424e+01 1.3125510293e+02 1.0702235646e+02 -4.4537981495e+01 1.0702235645e+02 4.4537981500e+01 0.0000000000e+00 nan nan nan nan nan nan
6.8384099126e-05 3.9277306878e-05 7.7786220982e+01 -1.7941275422e+01 -1.9216810529e+01 8.9572828128e+01 8.0999601658e+01 -2.2430191205e+01 8.0999601658e+01 2.2430191205e+01 0.0000000000e+00 nan nan nan nan nan nan
8.8529554100e-05 3.8971402771e-05 6.3420608089e+01 -1.4633322713e+01 -2.0118616141e+01 7.6660511643e+01 6.5910963007e+01 -2.2608971060e+01 6.5910963007e+01 2.2608971060e+01 0.0000000000e+00 nan nan nan nan nan nan
1.5524006351e-04 9.1977145085e-05 -3.1534534306e+00 -3.3906842142e+00 -1.6401715064e+01 1.2891415162e+01 -2.3347222332e+00 -1.7220446262e+01 2.6715261072e-02 1.7220446262e+01 0.0000000000e+00 nan nan nan nan nan nan
2.2364973738e-04 6.6671209278e-05 -2.2477946601e+00 -4.8276432366e+00 -1.5487913239e+01 1.4194130024e+01 -6.7286915952e-01 -1.7062838740e+01 -1.0837051234e-01 1.7062838740e+01 0.0000000000e+00 nan nan nan nan nan nan
1.8051272224e-04 1.3533964629e-05 7.8284894958e+01 -2.2070316806e+01 -1.5599961782e+01 8.9848212989e+01 8.3216356543e+01 -2.0531423368e+01 8.3216356543e+01 2.0531423368e+01 0.0000000000e+00 nan nan nan nan nan nan
1.5684027094e-04 1.2260373330e-05 1.1608719503e+02 -2.7082372915e+01 -1.6510024576e+01 1.2404947265e+02 1.2140858166e+02 -2.1831411201e+01 1.2140858166e+02 2.1831411201e+01 0.0000000000e+00 nan nan nan nan nan nan
1.3399644431e-04 1.3326539373e-05 1.4340420741e+02 -3.1836290740e+01 -1.6725170268e+01 1.4924192436e+02 1.4950438377e+02 -2.2825346636e+01 1.4950438377e+02 2.2825346636e+01 0.0000000000e+00 nan nan nan nan nan nan
1.1086588526e-04 1.2826338727e-05 1.8311074619e+02 -3.8700247443e+01 -1.5689935415e+01 1.8475661780e+02 1.9037968841e+02 -2.2958877632e+01 1.9037968841e+02 2.2958877632e+01 0.0000000000e+00 nan nan nan nan nan nan
-2.1667876613e-05 1.1962713311e-05 1.7933040360e+02 -6.2508886958e+00 -4.6170820056e+01 1.9558912154e+02 1.7950322374e+02 -4.6343640198e+01 1.7950322374e+02 4.6343640198e+01 0.0000000000e+00 nan nan nan nan nan nan
-4.4778381265e-05 1.1888304476e-05 1.7808507646e+02 -2.0875761857e+00 -4.9360789714e+01 1.9700662260e+02 1.7810396996e+02 -4.9379683221e+01 1.7810396996e+02 4.9379683221e+01 0.0000000000e+00 nan nan nan nan nan nan
1.7866977892e-04 1.4471582805e-04 -5.5807318766e+00 -2.6714314840e+00 -1.6657987960e+01 1.0655320094e+01 -4.9675079934e+00 -1.7271211843e+01 3.1917296793e-04 1.7271211843e+01 0.0000000000e+00 nan nan nan nan nan nan
8.9563980560e-05 1.1662770743e-04 -1.1276860107e+01 2.9612682920e+00 -2.1977866937e+01 1.0592570029e+01 -1.0511740364e+01 -2.2742986680e+01 9.9926369453e-06 2.2742986680e+01 0.0000000000e+00 nan nan nan nan nan nan
1.1082727896e-04 9.1128061906e-05 -1.2998190557e+00 1.0205955663e+00 -2.2915431472e+01 1.8802909502e+01 -1.2517604013e+00 -2.2963490126e+01 -8.9429974164e-02 2.2963490126e+01 0.0000000000e+00 nan nan nan nan nan nan
2.7051101554e-04 1.1769849145e-04 -3.3258277937e+00 -7.2428059583e+00 -8.6121260095e+00 1.3353552496e+01 1.7407002264e+00 -1.3678654030e+01 1.7407443694e+00 1.3678654030e+01 0.0000000000e+00 nan nan nan nan nan nan
-8.5650572147e-07 1.3602860429e-05 1.7622117410e+02 -1.0459254845e+01 -4.1482260957e+01 1.8940426283e+02 1.7672205870e+02 -4.1983145562e+01 1.7672205870e+02 4.1983145561e+01 0.0000000000e+00 nan nan nan nan nan nan
-1.7925962164e-04 1.1948163832e-05 1.8664010844e+02 2.5437101952e+01 -4.5928891905e+01 2.0617171791e+02 1.8938890510e+02 -4.8677688564e+01 1.8938890510e+02 4.8677688564e+01 0.0000000000e+00 nan nan nan nan nan nan
-2.0204825465e-04 1.2025202318e-05 1.9247335405e+02 3.1905615178e+01 -4.2370590725e+01 2.1075275598e+02 1.9672954206e+02 -4.6626778738e+01 1.9672954206e+02 4.6626778738e+01 0.0000000000e+00 nan nan nan nan nan nan
2.0112001398e-04 1.4616363956e-04 -2.7627599334e+00 -4.3788275540e+00 -1.3037800229e+01 1.1684614144e+01 -1.1541649597e+00 -1.4646395202e+01 -2.1576191372e-02 1.4646395202e+01 0.0000000000e+00 nan nan nan nan nan nan
-1.8017222096e-04 6.5674152250e-05 4.4102962940e+01 2.4080303105e+01 -3.1525391960e+01 7.7646194315e+01 5.1117836680e+01 -3.8540265699e+01 5.1117836680e+01 3.8540265699e+01 0.0000000000e+00 nan nan nan nan nan nan
3.1268497523e-04 9.3271719919e-05 -4.0491838984e+00 -8.8236464965e+00 -4.8108175536e+00 1.5295663371e+01 4.4009546387e+00 -1.3260956091e+01 4.4009546386e+00 1.3260956091e+01 0.0000000000e+00 nan nan nan nan nan nan
2.6795448814e-04 3.8119397382e-05 4.1503342037e+00 -9.2813797926e+00 -1.3041021564e+01 2.1917881287e+01 8.2089509813e+00 -1.7099638341e+01 8.2156250076e+00 1.7099638341e+01 0.0000000000e+00 nan nan nan nan nan nan
1.1140261343e-04 1.4492502939e-04 -5.4855810830e+00 -4.3419296387e+00 -1.7783910145e+01 1.3038078080e+01 -4.1072077251e+00 -1.9162283503e+01 3.2183463184e-06 1.9162283503e+01 0.0000000000e+00 nan nan nan nan nan nan
8.8455430657e-05 1.4553359834e-04 -6.4963785035e+00 -3.9187745475e+00 -1.8828880762e+01 1.2653270413e+01 -5.3572605537e+00 -1.9967998712e+01 3.5171423194e-03 1.9967998615e+01 0.0000000000e+00 nan nan nan nan nan nan
-1.9871113566e-07 1.1707754948e-04 -2.3372482559e+01 -6.5297483290e+00 -3.6169068940e+01 1.5804980038e+01 -2.0645766270e+01 -3.8895785229e+01 -2.7804193553e-05 3.8895785229e+01 0.0000000000e+00 nan nan nan nan nan nan
2.8998578702e-04 1.2097047811e-05 2.1145118961e+01 -2.0623990415e+01 -6.0944804332e+00 4.2809130693e+01 3.2241182393e+01 -1.7190543866e+01 3.2241182442e+01 1.7190543866e+01 0.0000000000e+00 nan nan nan nan nan nan
2.7015563857e-04 1.1552444134e-05 2.3541577824e+01 -1.9207223991e+01 -1.1334875979e+01 4.4928070287e+01 3.2042584397e+01 -1.9835882552e+01 3.2042584401e+01 1.9835882552e+01 0.0000000000e+00 nan nan nan nan nan nan
-2.1323537483e-05 9.2164471049e-05 1.3620711204e+01 -5.4008610398e+00 -3.6853655195e+01 4.4701178654e+01 1.4191765534e+01 -3.7424709525e+01 1.4191859345e+01 3.7424709525e+01 0.0000000000e+00 nan nan nan nan nan nan
-4.4161712708e-05 9.1162797097e-05 1.5021540701e+01 -3.4771187401e+00 -3.7212271883e+01 4.5634274588e+01 1.5251595126e+01 -3.7442326309e+01 1.5251807767e+01 3.7442326309e+01 0.0000000000e+00 nan nan nan nan nan nan
-6.7149274114e-05 9.0873529849e-05 1.5876003823e+01 1.2700521632e-02 -3.6614512057e+01 4.5457129656e+01 1.5875431927e+01 -3.6613940160e+01 1.5875359344e+01 3.6613940160e+01 0.0000000000e+00 nan nan nan nan nan nan
-2.2463391923e-04 1.2146877775e-05 1.9996424198e+02 3.9526500980e+01 -3.7053264297e+01 2.1637584707e+02 2.0638014240e+02 -4.3469164710e+01 2.0638014240e+02 4.3469164710e+01 0.0000000000e+00 nan nan nan nan nan nan
3.1421408265e-04 1.2985126603e-05 3.9728143532e+00 -1.2783579111e+01 -9.3634335694e+00 2.4977255668e+01 1.1725315675e+01 -1.7115934891e+01 1.1725315675e+01 1.7115934891e+01 0.0000000000e+00 nan nan nan nan nan nan
2.2473224516e-04 9.1409017523e-05 -5.6235944527e+00 -3.3630855938e+00 -1.4618628821e+01 9.7231782141e+00 -4.5074320776e+00 -1.5734791196e+01 3.0265763067e-06 1.5734791196e+01 0.0000000000e+00 nan nan nan nan nan nan
-1.1298553524e-04 9.1715597577e-05 1.4970588867e+01 8.2287513956e+00 -3.3941581595e+01 4.4690906788e+01 1.6316810700e+01 -3.5287803428e+01 1.6316814800e+01 3.5287803428e+01 0.0000000000e+00 nan nan nan nan nan nan
-2.9014043309e-04 3.9985449027e-05 6.7467178235e+01 3.9396431622e+01 -3.4747756879e-01 9.0025849620e+01 8.5536298845e+01 -1.8416598179e+01 8.5536298845e+01 1.8416598179e+01 0.0000000000e+00 nan nan nan nan nan nan
-3.3599954149e-04 3.8517224756e-05 4.5839300942e+01 3.2544259700e+01 6.0896586536e-01 6.8608711801e+01 6.2835391631e+01 -1.6387124824e+01 6.2835391631e+01 1.6387124791e+01 0.0000000000e+00 nan nan nan nan nan nan
2.2404216284e-04 1.4618328412e-04 -1.0055275339e+00 -6.2085465595e+00 -1.0738333405e+01 1.3662204606e+01 2.0159470375e+00 -1.3759807977e+01 2.0115342631e+00 1.3759807977e+01 0.0000000000e+00 nan nan nan nan nan nan
-1.1114549444e-04 1.1423774850e-04 -7.8807709045e+00 7.8083337984e+00 -3.0680468661e+01 2.3928317793e+01 -5.4655990636e+00 -3.3095640502e+01 1.9350258036e-03 3.3095640502e+01 0.0000000000e+00 nan nan nan nan nan nan
3.5816737171e-04 1.1755808519e-05 4.6382090159e-01 -1.3952369016e+01 3.1753966925e+00 2.4276177532e+01 1.5835466430e+01 -1.2196248836e+01 1.5835466430e+01 1.2196251213e+01 0.0000000000e+00 nan nan nan nan nan nan
6.5909748532e-05 1.4449739744e-04 -1.0910983800e+01 -2.7435645634e+00 -2.0012850137e+01 9.2847466268e+00 -1.0101366004e+01 -2.0822467933e+01 -3.7041784749e-02 2.0824884806e+01 0.0000000000e+00 nan nan nan nan nan nan
-2.0062152875e-04 9.2896338965e-05 -9.3251157103e-01 1.8859571280e+01 -2.5274198433e+01 3.8874075310e+01 9.3406028429e+00 -3.5547312847e+01 9.3406028603e+00 3.5547312847e+01 0.0000000000e+00 nan nan nan nan nan nan
2.4755537350e-07 9.2123885291e-05 1.4340162618e+01 -4.2997341519e+00 -3.4076858760e+01 4.2585574496e+01 1.4718444828e+01 -3.4455140970e+01 1.4718773443e+01 3.4455140970e+01 0.0000000000e+00 nan nan nan nan nan nan
1.7897086202e-04 6.6630960306e-05 7.6148734213e+00 -6.6275765016e+00 -1.5359966895e+01 2.2972957859e+01 9.3908966671e+00 -1.7135990140e+01 9.3904369489e+00 1.7135990140e+01 0.0000000000e+00 nan nan nan nan nan nan
1.5700133413e-04 6.4947150989e-05 1.0447170217e+01 -5.1104797831e+00 -1.7169154887e+01 2.5500629731e+01 1.1361803105e+01 -1.8083787774e+01 1.1361810764e+01 1.8083787774e+01 0.0000000000e+00 nan nan nan nan nan nan
-6.7259098304e-05 4.0250917823e-05 1.0420921073e+02 1.1034235335e+00 -4.5623565738e+01 1.2977243135e+02 1.0421697067e+02 -4.5631325678e+01 1.0421697067e+02 4.5631325678e+01 0.0000000000e+00 nan nan nan nan nan nan
-8.9965933288e-05 3.8603824932e-05 1.0725212406e+02 5.7138797179e+00 -4.6068505696e+01 1.3314709720e+02 1.0746432160e+02 -4.6280703228e+01 1.0746432160e+02 4.6280703228e+01 0.0000000000e+00 nan nan nan nan nan nan
-2.2223967840e-05 4.0723680495e-05 1.0355566745e+02 -6.6633003321e+00 -4.1040890689e+01 1.2575446453e+02 1.0386176233e+02 -4.1346985570e+01 1.0386176233e+02 4.1346985570e+01 0.0000000000e+00 nan nan nan nan nan nan
9.0891945228e-05 9.0859216117e-05 1.9908880832e+00 1.0927712808e+00 -2.2458900762e+01 2.1261770308e+01 2.0414824710e+00 -2.2509495150e+01 2.0639842170e+00 2.2509495150e+01 0.0000000000e+00 nan nan nan nan nan nan
1.5793598364e-04 4.0401502971e-05 3.0346240208e+01 -9.0759178196e+00 -1.8142619400e+01 4.4838937050e+01 3.1989582780e+01 -1.9785961972e+01 3.1989582780e+01 1.9785961972e+01 0.0000000000e+00 nan nan nan nan nan nan
2.8952443164e-04 1.1845881287e-04 -3.4314891751e+00 -7.7271183779e+00 -6.9393102891e+00 1.3723296302e+01 2.7377490819e+00 -1.3108548546e+01 2.7377490476e+00 1.3108548546e+01 0.0000000000e+00 nan nan nan nan nan nan
-2.8698730001e-04 6.0483881324e-05 1.2242125049e+00 3.1603211264e+01 -8.1395996460e+00 5.5300281486e+01 2.8469938832e+01 -3.5385325973e+01 2.8469938832e+01 3.5385325973e+01 0.0000000000e+00 nan nan nan nan nan nan
-8.9448764693e-05 1.1752779057e-04 -1.2006770899e+01 5.3231563352e+00 -3.1319435347e+01 1.9092214075e+01 -1.0640208187e+01 -3.2685998058e+01 1.3128433523e-04 3.2685998058e+01 0.0000000000e+00 nan nan nan nan nan nan
-2.4228198679e-04 8.1228665929e-05 -6.2715436017e+00 2.2769264156e+01 -1.9646496702e+01 4.1096112966e+01 1.0767831732e+01 -3.6685872036e+01 1.0767831732e+01 3.6685872036e+01 0.0000000000e+00 nan nan nan nan nan nan
-1.1227491331e-04 4.0383876146e-05 1.0241321598e+02 1.0557731653e+01 -4.4881617840e+01 1.2886413283e+02 1.0316554085e+02 -4.5633942707e+01 1.0316554085e+02 4.5633942707e+01 0.0000000000e+00 nan nan nan nan nan nan
-2.2422215527e-04 8.8652190654e-05 -5.6852043886e+00 2.0264684986e+01 -2.2547697656e+01 3.8009926128e+01 7.8285900598e+00 -3.6061492104e+01 7.8285900598e+00 3.6061492104e+01 0.0000000000e+00 nan nan nan nan nan nan
1.1254883332e-04 1.1932395995e-04 -8.1988434425e+00 -1.3828604681e+00 -1.8676699287e+01 9.3771849934e+00 -8.0238510846e+00 -1.8851691645e+01 -1.1670059749e-07 1.8851691645e+01 0.0000000000e+00 nan nan nan nan nan nan
-2.6833800808e-04 1.2844391597e-05 2.1103464372e+02 5.9398628118e+01 -1.4383937210e+01 2.2066035112e+02 2.2572366637e+02 -2.9072959865e+01 2.2572366637e+02 2.9072959865e+01 0.0000000000e+00 nan nan nan nan nan nan
-1.3454110716e-04 9.0683115593e-05 1.4959134514e+01 1.1997679960e+01 -3.2432706940e+01 4.6001492727e+01 1.7822187996e+01 -3.5295760422e+01 1.7822187476e+01 3.5295760422e+01 0.0000000000e+00 nan nan nan nan nan nan
-1.3500228035e-04 3.8924876432e-05 1.0523563288e+02 1.5993967598e+01 -4.3649839458e+01 1.3187967085e+02 1.0693366017e+02 -4.5347866755e+01 1.0693366017e+02 4.5347866755e+01 0.0000000000e+00 nan nan nan nan nan nan
6.8529382646e-05 1.1948026509e-04 -1.0692322619e+01 3.8455535406e+00 -1.9898554597e+01 1.0408174905e+01 -9.2862760243e+00 -2.1304601191e+01 -2.9364144452e-05 2.1304601763e+01 0.0000000000e+00 nan nan nan nan nan nan
-8.8104594128e-05 1.1950778056e-04 -1.3862808517e+01 5.3595625999e+00 -3.1129906716e+01 1.7593451036e+01 -1.2338773925e+01 -3.2653941308e+01 -2.7383640224e-05 3.2653941308e+01 1.0000000000e+00 1.8636227517e+01 1.8485384355e+01 2.3663349980e+00 2.0857345928e+01 -1.2697500048e-01 9.9190591754e-01
-1.6864318084e-04 1.0364040676e-04 -3.3926476425e+00 1.4392656358e+01 -2.7847459130e+01 3.2707941043e+01 3.2638851794e+00 -3.4503991952e+01 3.2531491590e+00 3.4503991952e+01 0.0000000000e+00 nan nan nan nan nan nan
-1.4281054462e-04 1.1026089127e-04 -5.6201101030e+00 1.1328456269e+01 -2.9231339785e+01 2.8334660174e+01 -1.0667012651e+00 -3.3784748622e+01 -1.6579767857e-01 3.3784748622e+01 1.0000000000e+00 1.8842421485e+01 1.8484359339e+01 3.6558593031e+00 2.1551934363e+01 -1.9402279617e-01 9.8099702067e-01
-2.5371878547e-04 7.7529900657e-05 -8.4778073791e+00 2.3863774738e+01 -1.7541123131e+01 4.2054384278e+01 1.1270644829e+01 -3.7289575339e+01 1.1270644829e+01 3.7289575339e+01 0.0000000000e+00 nan nan nan nan nan nan
-2.5613112557e-04 7.5920505460e-05 -7.4681571473e+00 2.4689102459e+01 -1.6875721705e+01 4.3513636366e+01 1.2950670243e+01 -3.7294549096e+01 1.2950670243e+01 3.7294549096e+01 0.0000000000e+00 nan nan nan nan nan nan
-1.6405957147e-04 1.0577198110e-04 -4.5126538563e+00 1.3675751952e+01 -2.8067876315e+01 3.1256577499e+01 1.7557283473e+00 -3.4336258519e+01 1.7286911213e+00 3.4336258519e+01 1.0000000000e+00 1.8559573385e+01 1.8072729546e+01 4.2230570700e+00 2.1848388045e+01 -2.2754063266e-01 9.7376858672e-01
-2.9403822338e-04 5.9051684602e-05 -6.7765359296e-01 3.1316911835e+01 -6.5061976300e+00 5.4412860928e+01 2.7823354292e+01 -3.5007205515e+01 2.7823354292e+01 3.5007205515e+01 0.0000000000e+00 nan nan nan nan nan nan
-2.9150630242e-04 6.0388239827e-05 -2.8276651808e+00 3.0600277192e+01 -7.2915297678e+00 5.3086560201e+01 2.5589942348e+01 -3.5709137297e+01 2.5589942348e+01 3.5709137297e+01 1.0000000000e+00 1.1946102631e+01 1.0786278045e+01 5.1347418641e+00 2.3269421669e+01 -4.2982569484e-01 9.0291188499e-01
-1.7149170265e-04 1.0416161636e-04 -4.4600969748e+00 1.4470783754e+01 -2.7577829499e+01 3.2074800453e+01 2.4994314389e+00 -3.4537357913e+01 2.5266438923e+00 3.4537357913e+01 1.0000000000e+00 1.8423600826e+01 1.7888479113e+01 4.4081041767e+00 2.1945798858e+01 -2.3926398635e-01 9.7095455343e-01
3.2148656575e-04 1.0278577769e-04 -4.6060618455e+00 -8.4751011650e+00 -3.5682437647e+00 1.4704868049e+01 4.4027067215e+00 -1.2577012332e+01 4.4027067215e+00 1.2577012332e+01 0.0000000000e+00 nan nan nan nan nan nan
3.4457346864e-04 8.0567901466e-05 -5.4165582742e+00 -9.4857335726e+00 4.6433874754e-01 1.7196677547e+01 7.4523966478e+00 -1.2404616174e+01 7.4523966478e+00 1.2404616174e+01 0.0000000000e+00 nan nan nan nan nan nan
-1.2611741536e-04 1.1280722429e-04 -6.7472634117e+00 9.5048245710e+00 -3.0015356040e+01 2.6017917173e+01 -3.3598582423e+00 -3.3402761209e+01 -2.8641734706e-03 3.3402761209e+01 0.0000000000e+00 nan nan nan nan nan nan
1.9758527108e-04 1.5640967594e-04 9.7275645811e-01 -5.1091156550e+00 -1.2101704191e+01 1.4369125347e+01 2.7315445208e+00 -1.3860492253e+01 2.7689990769e+00 1.3860492253e+01 1.0000000000e+00 2.7638000746e+01 2.7613015968e+01 -1.1749188896e+00 1.7415395694e+01 4.2510994205e-02 9.9909599908e-01
-3.1001626350e-04 5.2407234220e-05 2.4730131506e+01 3.3253533343e+01 -2.9424739194e+00 6.2077300660e+01 4.6734175040e+01 -2.4946517453e+01 4.6734175040e+01 2.4946517453e+01 1.0000000000e+00 9.4421055020e+00 8.7809346234e+00 3.4711011870e+00 2.3180692612e+01 -3.6761940292e-01 9.2997633013e-01
-3.0721787189e-04 5.3344735152e-05 1.7490472214e+01 3.3686009933e+01 -3.4856306556e+00 6.0889746968e+01 4.2157132582e+01 -2.8152291024e+01 4.2157132582e+01 2.8152291024e+01 1.0000000000e+00 9.9730269711e+00 9.1605391844e+00 3.9428148342e+00 2.3238787587e+01 -3.9534785634e-01 9.1853147605e-01
-3.0449874035e-04 5.4389105567e-05 1.1983554156e+01 3.3480929817e+01 -3.8857117949e+00 5.9438186828e+01 3.8365574346e+01 -3.0267731985e+01 3.8365574346e+01 3.0267731985e+01 0.0000000000e+00 nan nan nan nan nan nan
-2.3992910167e-04 8.3345492469e-05 -7.6857572782e+00 2.1673109667e+01 -2.0204084494e+01 3.9065292679e+01 8.6094363585e+00 -3.6499278130e+01 8.6094363585e+00 3.6499278130e+01 1.0000000000e+00 1.6169779224e+01 1.5111232344e+01 5.7543389898e+00 2.2785947663e+01 -3.5586997880e-01 9.3453547722e-01
-2.8648335582e-04 6.3075483719e-05 -5.9614782859e+00 2.9217790772e+01 -8.8857857612e+00 5.0631044314e+01 2.1808215040e+01 -3.6655479087e+01 2.1808215040e+01 3.6655479087e+01 1.0000000000e+00 1.2778530877e+01 1.1552016062e+01 5.4627626955e+00 2.3232005025e+01 -4.2749536298e-01 9.0401754111e-01
-2.8399949617e-04 6.4425965264e-05 -7.1514365748e+00 2.8552738627e+01 -9.6758410315e+00 4.9470475024e+01 2.0148153269e+01 -3.6975430875e+01 2.0148153269e+01 3.6975430875e+01 1.0000000000e+00 1.2778530877e+01 1.1552016062e+01 5.4627626955e+00 2.3232005025e+01 -4.2749536298e-01 9.0401754111e-01
-2.6283158218e-04 7.3616195356e-05 -8.3666314166e+00 2.5376788446e+01 -1.5282574565e+01 4.4340144605e+01 1.3775191433e+01 -3.7424397414e+01 1.3775191433e+01 3.7424397414e+01 1.0000000000e+00 1.4761258381e+01 1.3545969352e+01 5.8652760657e+00 2.3037972323e+01 -3.9734255130e-01 9.1767036398e-01
-2.4717190498e-04 8.0336594041e-05 -8.3191096926e+00 2.2764388456e+01 -1.8907129287e+01 4.0468387723e+01 9.7513150557e+00 -3.6977554035e+01 9.7513150557e+00 3.6977554035e+01 1.0000000000e+00 1.5759373641e+01 1.4638753934e+01 5.8365007326e+00 2.2874394364e+01 -3.7035105999e-01 9.2889186258e-01
1.9008836164e-04 1.5690826940e-04 -2.9035353113e+00 -3.7845153899e+00 -1.6029150529e+01 1.3126240357e+01 -1.8879045165e+00 -1.7044781323e+01 -5.5919895776e-01 1.7044781323e+01 1.0000000000e+00 2.5783725894e+01 2.5773023745e+01 -7.4281088930e-01 1.7531587240e+01 2.8809292046e-02 9.9958492620e-01
3.0810151040e-04 1.1491974913e-04 -4.0426798999e+00 -7.9828828445e+00 -5.1573716090e+00 1.3859063389e+01 3.4015082241e+00 -1.2601559733e+01 3.4015082241e+00 1.2601559733e+01 0.0000000000e+00 nan nan nan nan nan nan
-3.1373723597e-04 4.0770794451e-05 5.0031672028e+01 3.2283063397e+01 -2.0402695450e+00 7.1878356291e+01 6.5494689595e+01 -1.7503287112e+01 6.5494689595e+01 1.7503287112e+01 0.0000000000e+00 nan nan nan nan nan nan
-3.3010562744e-04 4.5918711391e-05 3.7919832672e+01 2.8761359783e+01 -1.4054518633e+00 6.0351603938e+01 5.3101205184e+01 -1.6586824375e+01 5.3101205184e+01 1.6586824368e+01 0.0000000000e+00 nan nan nan nan nan nan
-3.2479259173e-04 4.7671385417e-05 3.6184045936e+01 2.7025556665e+01 -3.8493134809e+00 5.8436087487e+01 4.9905457069e+01 -1.7570724614e+01 4.9905457069e+01 1.7570724616e+01 0.0000000000e+00 nan nan nan nan nan nan
-2.4684620811e-04 1.2372686287e-05 2.0805483404e+02 4.8776920647e+01 -2.8575009801e+01 2.2165373176e+02 2.1771175382e+02 -3.8231929578e+01 2.1771175382e+02 3.8231929578e+01 0.0000000000e+00 nan nan nan nan nan nan
3.8122850466e-04 1.2686313905e-05 2.9691491844e+00 -1.8068767813e+01 1.9469546879e+01 3.4379223240e+01 3.1068201824e+01 -8.6295057608e+00 3.1068201824e+01 8.6259306187e+00 0.0000000000e+00 nan nan nan nan nan nan
-1.4983116256e-04 1.0832583243e-04 -4.6824040819e+00 1.2167217736e+01 -2.8925367032e+01 2.9744472462e+01 3.6909362603e-01 -3.3976864740e+01 2.5782537592e-01 3.3976864740e+01 0.0000000000e+00 nan nan nan nan nan nan
-1.8755575529e-04 9.9900436373e-05 -4.2636611503e+00 1.6283242858e+01 -2.6384633877e+01 3.4090396925e+01 4.3579523279e+00 -3.5006247355e+01 4.3579485550e+00 3.5006247355e+01 1.0000000000e+00 1.8089640982e+01 1.7450302434e+01 4.7667657609e+00 2.2139064610e+01 -2.6350803566e-01 9.6465720085e-01
-3.5674301965e-04 1.3475067114e-05 6.2758550756e+01 3.9645588482e+01 4.0748691425e+00 8.5409830049e+01 8.2728098320e+01 -1.5894678421e+01 8.2728098320e+01 1.5894707343e+01 0.0000000000e+00 nan nan nan nan nan nan
3.3576069949e-04 4.0181717470e-05 -1.4571813541e+00 -1.1948074946e+01 -2.8475338062e+00 2.0725189057e+01 9.8133359007e+00 -1.4118051061e+01 9.8133359007e+00 1.4118051061e+01 0.0000000000e+00 nan nan nan nan nan nan
-1.1903038187e-04 1.1478044811e-04 -8.2821993722e+00 8.7069894051e+00 -3.0199727076e+01 2.4237910892e+01 -5.2471988460e+00 -3.3234727602e+01 5.2335360637e-04 3.3234727602e+01 1.0000000000e+00 1.8923076136e+01 1.8669584148e+01 3.0869788127e+00 2.1252948730e+01 -1.6313303347e-01 9.8660408138e-01
-1.0683690452e-04 1.1622631103e-04 -9.7009590626e+00 7.3608790345e+00 -3.0665423973e+01 2.2179086687e+01 -7.3780898486e+00 -3.2988293187e+01 -6.2423139042e-04 3.2988293187e+01 0.0000000000e+00 nan nan nan nan nan nan
-1.0946465049e-04 1.1644384993e-04 -9.7927693100e+00 7.6689433819e+00 -3.0510837823e+01 2.2318828111e+01 -7.2660221484e+00 -3.3037584985e+01 -5.5553427650e-04 3.3037584985e+01 1.0000000000e+00 1.8897864477e+01 1.8673926597e+01 2.9006460084e+00 2.1153265212e+01 -1.5349067679e-01 9.8815009596e-01
-3.5834225234e-04 2.8566016381e-05 6.5188792185e+01 5.6378611856e+01 2.9746180334e+01 1.0230601571e+02 1.0653389197e+02 -1.1598919451e+01 1.0653389197e+02 1.1598726033e+01 0.0000000000e+00 nan nan nan nan nan nan
-3.5270611573e-04 3.1344403497e-05 5.8890108332e+01 4.9137187984e+01 2.1655199248e+01 9.0970375567e+01 9.2794424612e+01 -1.2249117032e+01 9.2794424612e+01 1.2249147671e+01 0.0000000000e+00 nan nan nan nan nan nan
-3.6477115821e-04 2.5244502426e-05 7.3698847211e+01 6.6495860341e+01 4.1282354041e+01 1.1847725857e+02 1.2589347775e+02 -1.0912276502e+01 1.2589347775e+02 1.0913150489e+01 1.0000000000e+00 7.7502313575e+00 6.0322210671e+00 4.8660451182e+00 2.3960205127e+01 -6.2785804626e-01 7.7832787034e-01
-3.4424716249e-04 3.8539471320e-05 4.9729876558e+01 4.2224093470e+01 1.5550380865e+01 7.8815247676e+01 7.8144133173e+01 -1.2863875751e+01 7.8144133173e+01 1.2863876749e+01 0.0000000000e+00 nan nan nan nan nan nan
-3.7668152676e-04 1.2839867592e-05 9.4192367828e+01 7.9572056190e+01 5.0602951857e+01 1.4285269751e+02 1.5487370321e+02 -1.0078383520e+01 1.5487370321e+02 1.0045256138e+01 0.0000000000e+00 nan nan nan nan nan nan
-3.6757555292e-04 2.0730607125e-05 7.8819900631e+01 6.7333058988e+01 3.9315516909e+01 1.2149395756e+02 1.2921227787e+02 -1.1076860330e+01 1.2921227787e+02 1.1076987411e+01 0.0000000000e+00 nan nan nan nan nan nan
1.1903883800e-04 1.5832573583e-04 -4.0069762435e+00 -3.9173425687e+00 -1.7513035467e+01 1.3518464865e+01 -2.9551165260e+00 -1.8564895184e+01 1.3277012043e-06 1.8564895184e+01 1.0000000000e+00 2.6528555913e+01 2.6520640774e+01 6.4799056435e-01 1.8387844196e+01 -2.4426152953e-02 9.9970163702e-01
-1.8267192815e-04 1.0141083518e-04 -4.4400320481e+00 1.5686857016e+01 -2.6766824075e+01 3.3344843739e+01 3.6482264474e+00 -3.4855082570e+01 3.6517965551e+00 3.4855082570e+01 1.0000000000e+00 1.8181182985e+01 1.7568812633e+01 4.6789141258e+00 2.2091030126e+01 -2.5734926763e-01 9.6631845395e-01
3.8203191413e-04 3.1141741024e-05 -5.8416972676e+00 -1.2568341493e+01 1.8221959944e+01 3.0107305289e+01 2.3572592151e+01 -1.1192329475e+01 2.3572592151e+01 1.1192440539e+01 1.0000000000e+00 1.7648174343e+00 7.3934142507e-01 -1.6024839574e+00 1.3742254004e+01 9.0801684425e-01 4.1893365891e-01
3.7590584288e-04 3.7776609597e-05 -5.5537302838e+00 -1.2416757646e+01 1.3637818765e+01 2.7162341117e+01 1.9724229196e+01 -1.1640140715e+01 1.9724229196e+01 1.1640145455e+01 0.0000000000e+00 nan nan nan nan nan nan
-2.6813843279e-04 6.5121514424e-05 4.9929905412e+00 3.1187896207e+01 -1.2898295006e+01 5.6182466778e+01 2.8484310083e+01 -3.6389614554e+01 2.8484310083e+01 3.6389614554e+01 0.0000000000e+00 nan nan nan nan nan nan
-2.7195762409e-04 6.9504912321e-05 -7.7803170494e+00 2.6914491095e+01 -1.2930044634e+01 4.6809313645e+01 1.6670188992e+01 -3.7380550676e+01 1.6670188992e+01 3.7380550676e+01 0.0000000000e+00 nan nan nan nan nan nan
-2.7442341612e-04 6.8117300601e-05 -6.9745646639e+00 2.7563822901e+01 -1.2200288142e+01 4.7927182477e+01 1.8083345301e+01 -3.7258198108e+01 1.8083345301e+01 3.7258198108e+01 0.0000000000e+00 nan nan nan nan nan nan
-2.7888951492e-04 6.7650976280e-05 -1.0050537108e+01 2.6833953993e+01 -1.1383140207e+01 4.6467364557e+01 1.6111106778e+01 -3.7544784093e+01 1.6111106779e+01 3.7544784093e+01 1.0000000000e+00 1.3519145472e+01 1.2269122351e+01 5.6776695076e+00 2.3177505489e+01 -4.1997251375e-01 9.0753682443e-01
-2.4712933174e-04 3.9622785036e-05 8.8917364106e+01 4.5592729501e+01 -1.9853055092e+01 1.2291497707e+02 1.0549714961e+02 -3.6432840594e+01 1.0549714961e+02 3.6432840594e+01 0.0000000000e+00 nan nan nan nan nan nan
3.4188052787e-04 8.8120430579e-05 -5.5204002401e+00 -8.9822846004e+00 -2.9061808711e-01 1.6199739385e+01 6.4474147309e+00 -1.2258433058e+01 6.4474147309e+00 1.2258433058e+01 1.0000000000e+00 1.3375670547e+01 9.3564762767e+00 -9.5584995822e+00 1.3764463924e+01 7.1461834744e-01 6.9951455846e-01
3.4876500475e-04 8.1561360018e-05 -5.8234623510e+00 -9.2127350777e+00 1.2027812217e+00 1.7073619229e+01 7.5471180934e+00 -1.2167799223e+01 7.5471180934e+00 1.2167799223e+01 1.0000000000e+00 1.2082776310e+01 8.1219861115e+00 -8.9457713452e+00 1.3695645241e+01 7.4037382765e-01 6.7219535503e-01
3.4821772431e-04 7.7228889971e-05 -5.5615061203e+00 -9.6266827528e+00 1.3109614118e+00 1.7699811894e+01 8.0937188072e+00 -1.2344263516e+01 8.0937188072e+00 1.2344263516e+01 0.0000000000e+00 nan nan nan nan nan nan
3.3488606539e-04 1.4428784722e-05 -8.1531823269e-01 -1.1623864386e+01 -6.2431390199e+00 2.0671556787e+01 8.4055002492e+00 -1.5463957502e+01 8.4055002492e+00 1.5463957502e+01 0.0000000000e+00 nan nan nan nan nan nan
3.3202288783e-04 9.7635761066e-05 -5.1114434015e+00 -8.6120030452e+00 -2.0777510361e+00 1.5143322248e+01 5.1484039575e+00 -1.2337598395e+01 5.1484039575e+00 1.2337598395e+01 1.0000000000e+00 1.5792746407e+01 1.1840646488e+01 -1.0450355488e+01 1.3938429353e+01 6.6171869153e-01 7.4975220792e-01
3.3505448933e-04 9.0912167464e-05 -5.1246747239e+00 -8.9820461599e+00 -1.4757309975e+00 1.5871964298e+01 5.8634799993e+00 -1.2463885721e+01 5.8634799993e+00 1.2463885721e+01 0.0000000000e+00 nan nan nan nan nan nan
3.1289952453e-04 6.6820936012e-05 -2.9674116184e+00 -9.5306372076e+00 -5.9141643400e+00 1.6701305273e+01 5.2017151159e+00 -1.4083291074e+01 5.2017151221e+00 1.4083291074e+01 0.0000000000e+00 nan nan nan nan nan nan
2.8251627258e-04 1.2850970614e-04 -2.9215918483e+00 -7.4277547360e+00 -7.3987321757e+00 1.3435861449e+01 2.5970362126e+00 -1.2917360237e+01 2.5970361615e+00 1.2917360237e+01 0.0000000000e+00 nan nan nan nan nan nan
2.8969900107e-04 6.6428692847e-05 -2.9650984616e+00 -7.7921227077e+00 -9.5339275847e+00 1.4644146137e+01 2.2052886911e+00 -1.4704314737e+01 2.2053082189e+00 1.4704314737e+01 0.0000000000e+00 nan nan nan nan nan nan
2.0215902681e-04 1.1711998239e-04 -6.6077674988e+00 -2.9123032772e+00 -1.5962750119e+01 9.5432024161e+00 -5.7754883251e+00 -1.6795029293e+01 -1.6913677073e-06 1.6795029293e+01 0.0000000000e+00 nan nan nan nan nan nan
-2.3547939479e-04 8.4136511193e-05 -6.0003617392e+00 2.1713061066e+01 -2.0848603801e+01 3.9740266974e+01 9.5195710651e+00 -3.6368536605e+01 9.5195710651e+00 3.6368536605e+01 0.0000000000e+00 nan nan nan nan nan nan
2.5476634671e-04 1.4343930648e-04 -1.2877448127e+00 -6.8449459524e+00 -9.1056417592e+00 1.3651900716e+01 2.6852352674e+00 -1.3078621839e+01 2.6852369743e+00 1.3078621839e+01 1.0000000000e+00 2.5841283913e+01 2.4222492045e+01 -9.0023793179e+00 1.5524803702e+01 3.4837198292e-01 9.3735636847e-01
6.8018553214e-05 6.5274646330e-05 2.9143558033e+01 -4.9011389238e+00 -2.1823460741e+01 4.4949967414e+01 2.9611924433e+01 -2.2291827141e+01 2.9611924432e+01 2.2291827141e+01 0.0000000000e+00 nan nan nan nan nan nan
-1.9211079889e-04 9.7815319521e-05 -3.4718774642e+00 1.7036926616e+01 -2.6023930575e+01 3.5384329052e+01 5.6812478835e+00 -3.5177055923e+01 5.6812437875e+00 3.5177055923e+01 0.0000000000e+00 nan nan nan nan nan nan
-1.3576781990e-04 1.1147319191e-04 -6.0928720086e+00 1.0559841402e+01 -2.9569139677e+01 2.7343769726e+01 -2.0440730309e+00 -3.3617938654e+01 3.0229441845e-02 3.3617938654e+01 0.0000000000e+00 nan nan nan nan nan nan
-1.3835945095e-04 1.1156769839e-04 -6.3610865238e+00 1.0801537016e+01 -2.9397769269e+01 2.7347210033e+01 -2.0905088220e+00 -3.3668346970e+01 3.2418486588e-02 3.3668346970e+01 1.0000000000e+00 1.8870316606e+01 1.8531364911e+01 3.5605285229e+00 2.1502439712e+01 -1.8868409032e-01 9.8203783739e-01
-1.1194472636e-04 1.3352861037e-05 1.7360900707e+02 1.0328930415e+01 -5.0812547705e+01 1.9517579521e+02 1.7408302759e+02 -5.1286568224e+01 1.7408302759e+02 5.1286568224e+01 0.0000000000e+00 nan nan nan nan nan nan
2.0070086456e-04 6.4995398857e-05 4.0357493307e+00 -6.4558883063e+00 -1.5203559582e+01 2.0069272261e+01 6.0030946170e+00 -1.7170904868e+01 5.9984337096e+00 1.7170904868e+01 0.0000000000e+00 nan nan nan nan nan nan
8.9089927135e-05 1.4303510213e-05 1.9466228141e+02 -3.9759518685e+01 -1.5572909412e+01 1.9465851158e+02 2.0193083006e+02 -2.2841458065e+01 2.0193083006e+02 2.2841458065e+01 0.0000000000e+00 nan nan nan nan nan nan
-6.5951744642e-05 1.3358229811e-05 1.7318435985e+02 1.6254588779e+00 -5.0657209205e+01 1.9387246549e+02 1.7319589546e+02 -5.0668744817e+01 1.7319589546e+02 5.0668744817e+01 0.0000000000e+00 nan nan nan nan nan nan
2.2884730530e-05 3.8682551497e-05 1.0473969384e+02 -1.6283301970e+01 -2.7633333687e+01 1.1805424679e+02 1.0671183124e+02 -2.9605471085e+01 1.0671183124e+02 2.9605471085e+01 0.0000000000e+00 nan nan nan nan nan nan
1.3443524489e-04 1.4384773497e-04 -4.4118611750e+00 -3.5257028517e+00 -1.6443233023e+01 1.2075656682e+01 -3.4556634630e+00 -1.7399430735e+01 2.4941056868e-10 1.7399430735e+01 0.0000000000e+00 nan nan nan nan nan nan
4.4524610415e-05 1.3976731105e-05 1.8129813236e+02 -2.2411695811e+01 -2.7929131168e+01 1.8530512931e+02 1.8367046688e+02 -3.0301465689e+01 1.8367046688e+02 3.0301465689e+01 0.0000000000e+00 nan nan nan nan nan nan
-1.5699330657e-04 1.0700518222e-04 -4.4743478892e+00 1.2944695397e+01 -2.8514957455e+01 3.0593493104e+01 1.1685088069e+00 -3.4157814151e+01 1.0581405650e+00 3.4157814151e+01 0.0000000000e+00 nan nan nan nan nan nan
-1.5956823575e-04 1.0708763137e-04 -4.9458293831e+00 1.3129170109e+01 -2.8316625468e+01 3.0440304089e+01 9.4349033443e-01 -3.4205945186e+01 7.7914980889e-01 3.4205945186e+01 1.0000000000e+00 1.8620084847e+01 1.8156367227e+01 4.1296354357e+00 2.1799110205e+01 -2.2178392148e-01 9.7509583743e-01
2.4793847644e-04 1.1947671927e-04 -3.6910747867e+00 -6.2881204358e+00 -1.0340220782e+01 1.2319348071e+01 9.6931140549e-02 -1.4128226710e+01 6.5935998873e-02 1.4128226710e+01 0.0000000000e+00 nan nan nan nan nan nan
4.1865676527e-07 3.9608553404e-05 1.0486095990e+02 -1.0683629579e+01 -3.5620421426e+01 1.2305873899e+02 1.0566826532e+02 -3.6427726846e+01 1.0566826532e+02 3.6427726846e+01 0.0000000000e+00 nan nan nan nan nan nan
1.5072237243e-05 1.3159827092e-04 -5.3442570173e+01 -8.4504423299e+00 -3.5468498991e+01 2.1254687304e+01 -3.2184135146e+01 -5.6726934018e+01 -2.1000071592e-08 5.6726934017e+01 1.0000000000e+00 1.0936755239e+01 1.0769209610e+01 1.9070237377e+00 2.0196860619e+01 -1.7436832918e-01 9.8468049934e-01
-1.3290264723e-04 6.5426533379e-05 5.0984717784e+01 1.3877812831e+01 -3.7547628248e+01 8.0349313214e+01 5.3108242381e+01 -3.9671152845e+01 5.3108242381e+01 3.9671152845e+01 0.0000000000e+00 nan nan nan nan nan nan
-2.0916187870e-05 1.2554097393e-04 -3.4567315836e+01 -3.2595068513e+00 -3.3713342214e+01 5.5218733796e+00 -3.0952273943e+01 -3.7328384107e+01 6.7439526135e-08 3.7328384107e+01 0.0000000000e+00 nan nan nan nan nan nan
-4.1079351568e-05 1.2424639178e-04 -2.7389848086e+01 -1.6984317242e-01 -3.2517600085e+01 4.4250850057e+00 -2.7398900066e+01 -3.2508548105e+01 -4.3528424388e-07 3.2508548105e+01 0.0000000000e+00 nan nan nan nan nan nan
-4.3901691734e-05 1.2408109395e-04 -2.6463087893e+01 2.2226694347e-01 -3.2397449125e+01 5.1286716291e+00 -2.6469228563e+01 -3.2391308454e+01 -4.2199853976e-07 3.2391308454e+01 1.0000000000e+00 1.7142291232e+01 1.7067311654e+01 1.6015684778e+00 2.0359535432e+01 -9.3427912064e-02 9.9562604689e-01
2.3440537243e-05 9.1836846701e-05 1.4842755397e+01 1.7786422839e+00 -2.2304670776e+01 3.2312845639e+01 1.4924872438e+01 -2.2386787817e+01 1.4924804951e+01 2.2386787817e+01 0.0000000000e+00 nan nan nan nan nan nan
-4.4640478117e-05 1.1769533179e-04 -1.9119832550e+01 -1.1030764865e+00 -3.3352100492e+01 1.2469074823e+01 -1.9036942815e+01 -3.3434990227e+01 2.1595540575e-05 3.3434990227e+01 0.0000000000e+00 nan nan nan nan nan nan
-6.5514515783e-05 1.2158076364e-04 -1.9080479473e+01 2.7510138555e+00 -3.1796158700e+01 1.1982361076e+01 -1.8520299694e+01 -3.2356338479e+01 -3.6381121782e-06 3.2356338479e+01 0.0000000000e+00 nan nan nan nan nan nan
-2.1364748711e-05 1.1898903002e-04 -2.5044359934e+01 -4.5175301411e+00 -3.4768359245e+01 1.1476140430e+01 -2.3280606823e+01 -3.6532112356e+01 -2.7822581406e-06 3.6532112356e+01 0.0000000000e+00 nan nan nan nan nan nan
-6.6911522554e-05 1.1941422094e-04 -1.6774261390e+01 2.5554937661e+00 -3.2036690994e+01 1.3929981066e+01 -1.6362997874e+01 -3.2447954511e+01 1.6734637470e-05 3.2447954511e+01 0.0000000000e+00 nan nan nan nan nan nan
-1.9658614967e-04 9.6640377195e-05 -3.6480749534e+00 1.7519014014e+01 -2.5613125544e+01 3.5809762561e+01 6.0441758054e+00 -3.5305376303e+01 6.0441750867e+00 3.5305376303e+01 0.0000000000e+00 nan nan nan nan nan nan
1.3530584193e-04 1.1794721372e-04 -7.3916552942e+00 -2.4288121288e+00 -1.6651021881e+01 9.0563898883e+00 -6.7926294479e+00 -1.7250047728e+01 1.4550306369e-08 1.7250047728e+01 0.0000000000e+00 nan nan nan nan nan nan
4.5866090588e-05 3.9727256335e-05 9.6865810249e+01 -2.2384298529e+01 -1.7982125603e+01 1.0675381822e+02 1.0107618801e+02 -2.2192503366e+01 1.0107618801e+02 2.2192503366e+01 0.0000000000e+00 nan nan nan nan nan nan
-8.5477903841e-05 1.1960877836e-04 -1.4248963493e+01 5.0460472403e+00 -3.1228845344e+01 1.7097003202e+01 -1.2867945017e+01 -3.2609863820e+01 -1.2943252840e-05 3.2609863820e+01 1.0000000000e+00 1.8636227517e+01 1.8485384355e+01 2.3663349980e+00 2.0857345928e+01 -1.2697500048e-01 9.9190591754e-01
-8.2790279296e-05 1.1958466507e-04 -1.4556871979e+01 4.7044552783e+00 -3.1345209137e+01 1.6656187447e+01 -1.3334586252e+01 -3.2567494864e+01 -6.3319168310e-07 3.2567494864e+01 0.0000000000e+00 nan nan nan nan nan nan
-1.2899225831e-04 1.1309381147e-04 -7.0989062890e+00 9.7941214854e+00 -2.9816988096e+01 2.5973303740e+01 -3.4622532869e+00 -3.3453641098e+01 -3.8714414937e-03 3.3453641098e+01 1.0000000000e+00 1.8910196965e+01 1.8607431370e+01 3.3703185433e+00 2.1402614480e+01 -1.7822757476e-01 9.8398929445e-01
4.4090183043e-05 6.5744123859e-05 3.7044692143e+01 -6.2207538914e+00 -2.1436749405e+01 5.1781698638e+01 3.7700149017e+01 -2.2092206279e+01 3.7700149017e+01 2.2092206279e+01 0.0000000000e+00 nan nan nan nan nan nan
-1.1118049811e-04 6.4895421577e-05 5.3369901070e+01 9.1285772309e+00 -3.9432778422e+01 8.1908739120e+01 5.4258593904e+01 -4.0321471256e+01 5.4258593904e+01 4.0321471256e+01 0.0000000000e+00 nan nan nan nan nan nan
-1.7572086871e-04 1.0241879474e-04 -3.7323427919e+00 1.5096241125e+01 -2.7323943709e+01 3.3180164107e+01 3.6284334287e+00 -3.4684719930e+01 3.6372664986e+00 3.4684719930e+01 0.0000000000e+00 nan nan nan nan nan nan
1.3486647639e-04 9.2302556027e-05 -1.7490467182e+00 -2.2466222830e+00 -1.7587716931e+01 1.4249930602e+01 -1.4411805554e+00 -1.7895583094e+01 8.6746346037e-03 1.7895583094e+01 0.0000000000e+00 nan nan nan nan nan nan
-2.1740384624e-04 9.1363522457e-05 -5.7279189135e+00 1.9364226802e+01 -2.3425822286e+01 3.6872346408e+01 6.7113885247e+00 -3.5865129724e+01 6.7113885247e+00 3.5865129724e+01 1.0000000000e+00 1.7151049005e+01 1.6277961679e+01 5.4024481075e+00 2.2515650309e+01 -3.1499228449e-01 9.4909423173e-01
-2.1490237106e-04 9.0976393885e-05 -4.2119343013e+00 1.9613018163e+01 -2.3682154789e+01 3.7920021636e+01 7.9460901539e+00 -3.5840179243e+01 7.9460901542e+00 3.5840179244e+01 0.0000000000e+00 nan nan nan nan nan nan
-2.1026963779e-04 9.2561303078e-05 -4.1235397612e+00 1.9050986260e+01 -2.4216581851e+01 3.7299646582e+01 7.3649001890e+00 -3.5705021800e+01 7.3649001888e+00 3.5705021800e+01 0.0000000000e+00 nan nan nan nan nan nan
-2.0809314907e-04 9.4340937975e-05 -5.2394679833e+00 1.8387391291e+01 -2.4465507500e+01 3.5933536311e+01 5.8937491205e+00 -3.5598724604e+01 5.8937491217e+00 3.5598724604e+01 1.0000000000e+00 1.7549188130e+01 1.6766839393e+01 5.1814188024e+00 2.2376295859e+01 -2.9525119704e-01 9.5541966206e-01
3.5822619404e-04 3.9012326057e-05 -2.7581249247e+00 -1.3530637383e+01 5.3356692771e+00 2.4453423368e+01 1.5406962740e+01 -1.2829418388e+01 1.5406962740e+01 1.2829418423e+01 0.0000000000e+00 nan nan nan nan nan nan
2.1929003370e-05 1.3777139977e-05 1.7805496642e+02 -1.5760428620e+01 -3.5140813741e+01 1.8663868871e+02 1.7921297350e+02 -3.6298820820e+01 1.7921297351e+02 3.6298820820e+01 0.0000000000e+00 nan nan nan nan nan nan
6.6900450995e-05 1.4166826371e-05 1.8778963297e+02 -3.0956696599e+01 -2.0836803373e+01 1.8845970820e+02 1.9228367806e+02 -2.5330848464e+01 1.9228367806e+02 2.5330848464e+01 0.0000000000e+00 nan nan nan nan nan nan
-8.8964124199e-05 1.3344073058e-05 1.7299841620e+02 5.8625597214e+00 -5.1193858643e+01 1.9442104047e+02 1.7315131883e+02 -5.1346761272e+01 1.7315131883e+02 5.1346761272e+01 0.0000000000e+00 nan nan nan nan nan nan
-1.3487349137e-04 1.3379215974e-05 1.7518734370e+02 1.5113696914e+01 -4.9704536012e+01 1.9651264070e+02 1.7619802985e+02 -5.0715222160e+01 1.7619802985e+02 5.0715222160e+01 0.0000000000e+00 nan nan nan nan nan nan
3.1240820492e-04 4.1033212030e-05 -1.4490714738e+00 -9.5426233626e+00 -8.2127407208e+00 1.7532567807e+01 5.2915266459e+00 -1.4953338841e+01 5.2915265925e+00 1.4953338841e+01 0.0000000000e+00 nan nan nan nan nan nan
-1.5675373829e-04 9.2143025126e-05 1.0641092727e+01 1.5192157582e+01 -3.0134572287e+01 4.4036261378e+01 1.5677607581e+01 -3.5171087141e+01 1.5677606848e+01 3.5171087141e+01 0.0000000000e+00 nan nan nan nan nan nan
-2.0116900768e-04 3.8561224052e-05 1.0308498143e+02 3.4009220858e+01 -3.4181507868e+01 1.3266746551e+02 1.1104733370e+02 -4.2143860147e+01 1.1104733370e+02 4.2143860147e+01 0.0000000000e+00 nan nan nan nan nan nan
-2.4675243620e-04 6.5870117995e-05 1.8109148682e+01 3.2246447496e+01 -1.7923693329e+01 6.3971727863e+01 3.7026821979e+01 -3.6841366626e+01 3.7026821979e+01 3.6841366626e+01 0.0000000000e+00 nan nan nan nan nan nan
-1.5772847933e-04 1.3422390130e-05 1.7788468241e+02 2.0321766390e+01 -4.7922498514e+01 1.9869609983e+02 1.7969833867e+02 -4.9736154773e+01 1.7969833867e+02 4.9736154773e+01 0.0000000000e+00 nan nan nan nan nan nan
-1.7894744312e-04 3.9670262176e-05 1.0177015973e+02 2.7545873250e+01 -3.8115448441e+01 1.3019881221e+02 1.0699767492e+02 -4.3342963633e+01 1.0699767492e+02 4.3342963633e+01 0.0000000000e+00 nan nan nan nan nan nan
-1.8032347033e-04 9.2304484981e-05 5.7359678417e+00 1.7838453809e+01 -2.7602077659e+01 4.2284416453e+01 1.3479864313e+01 -3.5345974130e+01 1.3479837915e+01 3.5345974130e+01 0.0000000000e+00 nan nan nan nan nan nan
-2.0252918528e-04 6.5479940794e-05 3.8732136879e+01 2.8305648975e+01 -2.7588526263e+01 7.5511377215e+01 4.9168319270e+01 -3.8024708654e+01 4.9168319270e+01 3.8024708654e+01 0.0000000000e+00 nan nan nan nan nan nan
-2.6947961356e-04 3.8785505470e-05 8.1027394835e+01 4.7239760750e+01 -1.0050996760e+01 1.1364411277e+02 1.0110065814e+02 -3.0124260062e+01 1.0110065814e+02 3.0124260062e+01 0.0000000000e+00 nan nan nan nan nan nan
-3.3664572738e-04 1.3366408242e-05 1.1073645462e+02 5.4619201519e+01 6.3713416303e+00 1.3084046434e+02 1.3409467543e+02 -1.6986879178e+01 1.3409467543e+02 1.6986879012e+01 0.0000000000e+00 nan nan nan nan nan nan
-2.9182218200e-04 1.2308128641e-05 2.0522958406e+02 7.0288934087e+01 5.0499784415e+00 2.1183136074e+02 2.2744067439e+02 -1.7161111894e+01 2.2744067439e+02 1.7161111894e+01 0.0000000000e+00 nan nan nan nan nan nan
-3.1206240140e-04 1.2185072857e-05 1.6929933480e+02 6.8443358323e+01 8.0349463168e+00 1.8318522048e+02 1.9442917691e+02 -1.7094895795e+01 1.9442917691e+02 1.7094895795e+01 0.0000000000e+00 nan nan nan nan nan nan
2.4656915984e-04 1.3072969398e-05 2.9120465291e+01 -1.7271776840e+01 -1.3945416300e+01 4.7811399553e+01 3.5191448898e+01 -2.0016399907e+01 3.5191448898e+01 2.0016399907e+01 0.0000000000e+00 nan nan nan nan nan nan
2.4748025929e-04 9.0052898955e-05 -4.6053827366e+00 -5.1002270509e+00 -1.2375401373e+01 1.1102740141e+01 -2.0802220457e+00 -1.4900562064e+01 5.7672082202e-05 1.4900562064e+01 0.0000000000e+00 nan nan nan nan nan nan
6.6473471952e-05 9.1554959548e-05 6.0868031795e+00 1.2172981447e+00 -2.1779964060e+01 2.4230568998e+01 6.1429450932e+00 -2.1836105974e+01 6.1434084200e+00 2.1836105974e+01 0.0000000000e+00 nan nan nan nan nan nan
2.2327885833e-04 1.4088840379e-05 4.1366635104e+01 -1.8412291454e+01 -1.4131943682e+01 5.7682370831e+01 4.6920278038e+01 -1.9685586616e+01 4.6920278038e+01 1.9685586616e+01 0.0000000000e+00 nan nan nan nan nan nan
2.4647529175e-04 6.4881636809e-05 -4.2948619585e+00 -3.9746379871e+00 -1.4587297904e+01 1.1260936210e+01 -2.9395753793e+00 -1.5942584483e+01 -1.2864923079e-02 1.5942584483e+01 0.0000000000e+00 nan nan nan nan nan nan
1.3584420089e-04 6.6088111448e-05 1.1770976820e+01 -3.4579050874e+00 -2.0175631818e+01 2.8307140091e+01 1.2140807453e+01 -2.0545462450e+01 1.2140812847e+01 2.0545462450e+01 0.0000000000e+00 nan nan nan nan nan nan
2.0350800966e-04 1.2715059648e-05 6.0314146769e+01 -2.0969189975e+01 -1.4495699512e+01 7.4275852922e+01 6.5792407307e+01 -1.9973960050e+01 6.5792407307e+01 1.9973960050e+01 0.0000000000e+00 nan nan nan nan nan nan
1.7997241406e-04 1.1683592292e-04 -7.3769884039e+00 -2.6749613936e+00 -1.6369340958e+01 9.0635031892e+00 -6.6403486750e+00 -1.7105980687e+01 8.7051773531e-09 1.7105980687e+01 0.0000000000e+00 nan nan nan nan nan nan
1.7974395372e-04 3.8266370433e-05 2.7113205961e+01 -9.8590364004e+00 -1.6299240344e+01 4.1293156848e+01 2.9247598031e+01 -1.8433632414e+01 2.9247598031e+01 1.8433632414e+01 0.0000000000e+00 nan nan nan nan nan nan
2.3675462059e-05 1.1764663643e-04 -1.7549876121e+01 -3.5727982930e+00 -3.5650333610e+01 1.6788983845e+01 -1.6906980524e+01 -3.6293229208e+01 4.1395061347e-04 3.6293229211e+01 0.0000000000e+00 nan nan nan nan nan nan
-9.0154873437e-05 9.1088084989e-05 1.5974911703e+01 4.1075784753e+00 -3.5488170313e+01 4.5131203539e+01 1.6299883207e+01 -3.5813141817e+01 1.6299897118e+01 3.5813141817e+01 0.0000000000e+00 nan nan nan nan nan nan
-4.4541298492e-05 3.8724288108e-05 1.0826608599e+02 -2.9697922005e+00 -4.4510023066e+01 1.3240740674e+02 1.0832348339e+02 -4.4567420463e+01 1.0832348339e+02 4.4567420463e+01 0.0000000000e+00 nan nan nan nan nan nan
-2.2905725455e-04 8.7139092695e-05 -6.2659091256e+00 2.0671875469e+01 -2.1895613527e+01 3.8271411392e+01 8.0152483430e+00 -3.6176770996e+01 8.0152483430e+00 3.6176770996e+01 1.0000000000e+00 1.6693326535e+01 1.5727844484e+01 5.5948242781e+00 2.2652090552e+01 -3.3515334804e-01 9.4216359158e-01
-2.1019832931e-05 1.2805381393e-04 -3.8095868193e+01 -2.4978672293e+00 -3.3218217295e+01 5.8915249934e+00 -3.2255569203e+01 -3.9058516285e+01 -2.4254833832e-08 3.9058516285e+01 1.0000000000e+00 1.5436036492e+01 1.5369101320e+01 1.4359481920e+00 2.0161161655e+01 -9.3025705964e-02 9.9566370730e-01
2.4737564759e-06 1.2814107637e-04 -4.2816895066e+01 -6.1996086948e+00 -3.4530370509e+01 1.2838608174e+01 -3.1261258902e+01 -4.6086006672e+01 -3.6260315854e-09 4.6086006672e+01 0.0000000000e+00 nan nan nan nan nan nan
1.3548226429e-04 3.9813830223e-05 3.8025796021e+01 -9.3198577933e+00 -2.0855693871e+01 5.3487290556e+01 3.9465952676e+01 -2.2295850526e+01 3.9465952676e+01 2.2295850526e+01 0.0000000000e+00 nan nan nan nan nan nan
1.1333206409e-04 3.9423219280e-05 4.8115154987e+01 -1.1158380901e+01 -2.1065477819e+01 6.2953972021e+01 4.9871331277e+01 -2.2821654109e+01 4.9871331277e+01 2.2821654109e+01 0.0000000000e+00 nan nan nan nan nan nan
3.0765565935e-05 1.3467524591e-04 -6.1627191273e+01 -1.6529460754e+01 -4.1183515812e+01 3.3513583608e+01 -3.2056277025e+01 -7.0754430060e+01 2.4033045935e-04 7.0754476778e+01 1.0000000000e+00 6.2172056564e+00 5.8305734302e+00 2.1582538424e+00 2.0718619064e+01 -3.4714210237e-01 9.3781254031e-01
6.6455311523e-05 1.5243199452e-04 2.2831940136e+00 -1.8413374656e+00 -1.9297397906e+01 1.8918137984e+01 2.4152901114e+00 -1.9429494003e+01 2.2358730565e+00 1.9429017691e+01 1.0000000000e+00 2.8267021109e+01 2.7541909390e+01 6.3614235456e+00 1.9804025211e+01 -2.2504753936e-01 9.7434778443e-01
3.2249088026e-04 1.0652019799e-04 -4.6990976016e+00 -8.2709643937e+00 -3.4832744536e+00 1.4362323554e+01 4.2009053423e+00 -1.2383277397e+01 4.2009053423e+00 1.2383277397e+01 1.0000000000e+00 1.7461043735e+01 1.3682123014e+01 -1.0848389657e+01 1.4095318248e+01 6.2129101913e-01 7.8357990630e-01
-1.6138635436e-05 1.2853093060e-04 -4.0356585199e+01 -3.3617520875e+00 -3.3625691616e+01 8.1119284440e+00 -3.2307714337e+01 -4.1674562478e+01 -3.3360520865e-08 4.1674562478e+01 1.0000000000e+00 1.5046419896e+01 1.4977517923e+01 1.4383005755e+00 2.0139380718e+01 -9.5590883776e-02 9.9542070650e-01
2.6536658585e-04 1.3845159247e-04 -1.9543263316e+00 -7.0465771965e+00 -8.5130615767e+00 1.3461021252e+01 2.5380302891e+00 -1.3005418197e+01 2.5380293183e+00 1.3005418197e+01 1.0000000000e+00 2.4776928879e+01 2.2814652679e+01 -9.6637377746e+00 1.5275826359e+01 3.9002968536e-01 9.2080228309e-01
2.2347869004e-04 1.5450630249e-04 1.1718881838e+00 -6.2977335376e+00 -1.0568277830e+01 1.4908661957e+01 3.9093251713e+00 -1.3305714817e+01 3.9090305809e+00 1.3305714817e+01 1.0000000000e+00 2.8821891718e+01 2.8079193953e+01 -6.5007929633e+00 1.6289441175e+01 2.2555053037e-01 9.7423147057e-01
2.2768095407e-04 1.5334577672e-04 7.9198614017e-01 -6.3688881959e+00 -1.0389585845e+01 1.4676310878e+01 3.6745721837e+00 -1.3272171888e+01 3.6744874829e+00 1.3272171888e+01 1.0000000000e+00 2.8405906409e+01 2.7555163947e+01 -6.8998883178e+00 1.6180998660e+01 2.4290329688e-01 9.7005050815e-01
2.3693247972e-04 1.5080191497e-04 7.9936117002e-02 -6.5209047013e+00 -9.9773755414e+00 1.4260872834e+01 3.2847990574e+00 -1.3182238482e+01 3.2847555117e+00 1.3182238482e+01 1.0000000000e+00 2.7629753032e+01 2.6563212730e+01 -7.6025641781e+00 1.5976480321e+01 2.7515860056e-01 9.6139884779e-01
-2.9925950243e-04 5.6786969269e-05 3.5195424187e+00 3.2380918098e+01 -5.0956725573e+00 5.6480694584e+01 3.1821079153e+01 -3.3397209291e+01 3.1821079153e+01 3.3397209291e+01 1.0000000000e+00 1.1010906172e+01 9.9793754256e+00 4.6531839479e+00 2.3279529071e+01 -4.2259772947e-01 9.0631736111e-01
2.7343652726e-04 1.3647513182e-04 -2.2649080489e+00 -7.1672556984e+00 -7.9929534317e+00 1.3367230070e+01 2.5886431392e+00 -1.2846504620e+01 2.5886433400e+00 1.2846504620e+01 1.0000000000e+00 2.4050648622e+01 2.1855392669e+01 -1.0038700634e+01 1.5117247856e+01 4.1739833266e-01 9.0872362790e-01
2.8188585537e-04 1.3267937856e-04 -2.6998583883e+00 -7.3221533285e+00 -7.4122286260e+00 1.3321916170e+01 2.6353683798e+00 -1.2747455394e+01 2.6353683973e+00 1.2747455394e+01 1.0000000000e+00 2.2909016543e+01 2.0362314964e+01 -1.0497579163e+01 1.4887454593e+01 4.5822914935e-01 8.8883409402e-01
3.0091664722e-04 1.2172683841e-04 -3.6744307429e+00 -7.7294744332e+00 -5.8635420744e+00 1.3520097182e+01 3.0368453386e+00 -1.2574818156e+01 3.0368453384e+00 1.2574818156e+01 1.0000000000e+00 2.0852589435e+01 1.7732934482e+01 -1.0971486718e+01 1.4532263540e+01 5.2614505032e-01 8.5039484125e-01
3.5776586556e-04 7.1421643087e-05 -6.1806547046e+00 -9.6067100201e+00 3.6715331986e+00 1.8694553340e+01 9.5387446503e+00 -1.2047866156e+01 9.5387446503e+00 1.2047866156e+01 1.0000000000e+00 9.3967826665e+00 5.7638923716e+00 -7.4213926732e+00 1.3600947482e+01 7.8978017653e-01 6.1338998423e-01
3.6343033618e-04 6.4378148727e-05 -6.3894894473e+00 -9.8873406438e+00 5.6251776327e+00 2.0033493504e+01 1.1184186960e+01 -1.1948498774e+01 1.1184186960e+01 1.1948498775e+01 1.0000000000e+00 8.0198789660e+00 4.6686041246e+00 -6.5209350676e+00 1.3579061187e+01 8.1309644389e-01 5.8212900026e-01
3.8882898920e-04 1.7297711643e-05 -3.5705730476e+00 -1.5921508540e+01 2.8725773516e+01 3.9233242174e+01 3.5228923165e+01 -1.0073722696e+01 3.5228923165e+01 1.0092399730e+01 1.0000000000e+00 5.3186402070e-01 2.0234383383e-01 -4.9187021604e-01 1.3871462205e+01 9.2480445546e-01 3.8044279356e-01
-2.0359866036e-04 9.5618207683e-05 -4.9514952487e+00 1.7941645177e+01 -2.4925336798e+01 3.5561924706e+01 5.5932707787e+00 -3.5470102824e+01 5.5932707992e+00 3.5470102825e+01 1.0000000000e+00 1.7668747380e+01 1.6915984686e+01 5.1023618127e+00 2.2328973441e+01 -2.8877892151e-01 9.5739580869e-01
1.7397791734e-05 1.3208745242e-04 -5.5328687769e+01 -9.2285583850e+00 -3.5856308646e+01 2.3130445231e+01 -3.2238129427e+01 -5.8946866988e+01 -1.2234054817e-07 5.8946866993e+01 1.0000000000e+00 1.0936755239e+01 1.0769209610e+01 1.9070237377e+00 2.0196860619e+01 -1.7436832918e-01 9.8468049934e-01
-6.8172856745e-05 1.2145134631e-04 -1.8470828218e+01 3.0853389118e+00 -3.1704469974e+01 1.2629033582e+01 -1.7796273158e+01 -3.2379025034e+01 -4.6995887856e-06 3.2379025034e+01 1.0000000000e+00 1.8154654456e+01 1.8047420195e+01 1.9703052303e+00 2.0619494111e+01 -1.0852893043e-01 9.9409329102e-01
2.8565400546e-04 1.3081540717e-04 -2.8937351132e+00 -7.3950087290e+00 -7.1348390473e+00 1.3323790574e+01 2.6782069941e+00 -1.2706781155e+01 2.6782070045e+00 1.2706781155e+01 1.0000000000e+00 2.2524992529e+01 1.9860302620e+01 -1.0627495862e+01 1.4815353044e+01 4.7180907376e-01 8.8170074170e-01
3.8485036747e-04 2.6389142724e-05 -5.5839922635e+00 -1.3141614055e+01 2.1411239507e+01 3.2603864497e+01 2.6737473566e+01 -1.0910226322e+01 2.6737473566e+01 1.0909964827e+01 1.0000000000e+00 1.2994526255e+00 5.2556300344e-01 -1.1884278082e+00 1.3782827212e+01 9.1456031939e-01 4.0444952985e-01
-2.6038053308e-04 7.4711027174e-05 -8.4736379756e+00 2.4949223171e+01 -1.5902820492e+01 4.3677942273e+01 1.3029242495e+01 -3.7405700963e+01 1.3029242495e+01 3.7405700963e+01 1.0000000000e+00 1.5030064023e+01 1.3834429329e+01 5.8746395355e+00 2.2998930862e+01 -3.9085924894e-01 9.2045045903e-01
3.5705335028e-04 6.7458569145e-05 -5.8519109344e+00 -1.0094844241e+01 3.8140511383e+00 1.9380827909e+01 1.0170596313e+01 -1.2208456109e+01 1.0170596313e+01 1.2208456109e+01 0.0000000000e+00 nan nan nan nan nan nan
3.2890008597e-04 1.0075284430e-04 -4.9823209917e+00 -8.4880512686e+00 -2.5724228321e+00 1.4846791744e+01 4.7944272979e+00 -1.2349171122e+01 4.7944272979e+00 1.2349171122e+01 1.0000000000e+00 1.6363309955e+01 1.2458884091e+01 -1.0608210023e+01 1.3989737891e+01 6.4829243301e-01 7.6139143763e-01
5.9334294315e-05 1.5029512649e-04 2.3318900841e+00 -1.2946420962e+00 -1.9913815762e+01 1.9296336053e+01 2.3497819759e+00 -1.9931707653e+01 1.8820915786e+00 1.9896695408e+01 1.0000000000e+00 2.8026583802e+01 2.6877644414e+01 7.9423944979e+00 2.0145157401e+01 -2.8338789180e-01 9.5900537161e-01
-1.9903701226e-04 9.6897525564e-05 -4.7214329631e+00 1.7472695839e+01 -2.5368362471e+01 3.5148607615e+01 5.2481603511e+00 -3.5337955785e+01 5.2481605732e+00 3.5337955785e+01 1.0000000000e+00 1.7782036767e+01 1.7058400136e+01 5.0211369644e+00 2.2282380762e+01 -2.8237130707e-01 9.5930518864e-01
-3.3542513493e-04 4.4009232051e-05 4.1855164356e+01 3.3082949616e+01 5.3075590988e+00 6.5441507204e+01 6.1364033528e+01 -1.4201310073e+01 6.1364033528e+01 1.4201310076e+01 0.0000000000e+00 nan nan nan nan nan nan
-1.5236561141e-04 1.0865419797e-04 -5.2917786544e+00 1.2339980678e+01 -2.8718178373e+01 2.9466186195e+01 7.3320183081e-03 -3.4017289045e+01 -1.2966517787e-02 3.4017289045e+01 1.0000000000e+00 1.8724730705e+01 1.8305302612e+01 3.9409943248e+00 2.1700814921e+01 -2.1047001353e-01 9.7760031373e-01
-2.2145735452e-04 9.0187339967e-05 -6.1886269654e+00 1.9701717880e+01 -2.2939289372e+01 3.7076241048e+01 6.8420195808e+00 -3.5969935918e+01 6.8420195808e+00 3.5969935918e+01 1.0000000000e+00 1.7005044300e+01 1.6101238761e+01 5.4700678257e+00 2.2561773261e+01 -3.2167324761e-01 9.4685073891e-01
3.5016681146e-05 1.3602214346e-04 -6.2114773613e+01 -2.0241901133e+01 -4.5306968685e+01 3.7749069325e+01 -3.1916435812e+01 -7.5505306485e+01 1.4583999095e-02 7.5510384231e+01 1.0000000000e+00 4.7516209571e+00 4.0413663181e+00 2.4990518208e+00 2.1226143553e+01 -5.2593669473e-01 8.5052371697e-01
-1.7810026482e-04 1.0261472044e-04 -4.4712251813e+00 1.5177028407e+01 -2.7109416345e+01 3.2790989970e+01 3.1415661230e+00 -3.4722207649e+01 3.1714460493e+00 3.4722207649e+01 1.0000000000e+00 1.8347946653e+01 1.7787727674e+01 4.4993211248e+00 2.1994335646e+01 -2.4522205182e-01 9.6946693874e-01
-3.1579823945e-04 5.0664833433e-05 4.1129773287e+01 3.0019421567e+01 -2.1365858985e+00 6.4136144120e+01 5.6525613767e+01 -1.7532426378e+01 5.6525613767e+01 1.7532426378e+01 1.0000000000e+00 9.2511393206e+00 8.8141135726e+00 2.8098008218e+00 2.3060911037e+01 -3.0372484127e-01 9.5275979176e-01
-2.6949833263e-04 7.1009534618e-05 -8.7429177985e+00 2.6178998391e+01 -1.3661782056e+01 4.5527035073e+01 1.5082696028e+01 -3.7487395882e+01 1.5082696028e+01 3.7487395882e+01 1.0000000000e+00 1.4175935289e+01 1.2932932561e+01 5.8048597475e+00 2.3111628045e+01 -4.0948689657e-01 9.1231599873e-01
2.9721245086e-04 1.2042688845e-04 -3.5783791693e+00 -7.7616708458e+00 -6.2110256001e+00 1.3634583355e+01 2.9772279857e+00 -1.2766632755e+01 2.9772279858e+00 1.2766632755e+01 0.0000000000e+00 nan nan nan nan nan nan
1.7507514962e-04 1.5702254492e-04 -3.5587597401e+00 -2.8707122794e+00 -1.6999151169e+01 1.2675809692e+01 -2.9605733171e+00 -1.7597337592e+01 -1.4334080484e-02 1.7597337592e+01 1.0000000000e+00 2.4386293744e+01 2.4371508378e+01 -8.4905945560e-01 1.7590203908e+01 3.4817076531e-02 9.9939370179e-01
3.6008064378e-04 6.3985030825e-05 -5.9537733011e+00 -1.0257604953e+01 4.8325574294e+00 2.0067904718e+01 1.1025602255e+01 -1.2146818127e+01 1.1025602255e+01 1.2146818127e+01 0.0000000000e+00 nan nan nan nan nan nan
-1.9465093675e-04 9.8161720431e-05 -4.6057546551e+00 1.6996553481e+01 -2.5769682478e+01 3.4674988266e+01 4.8318952425e+00 -3.5207332376e+01 4.8319007333e+00 3.5207332376e+01 1.0000000000e+00 1.7890362087e+01 1.7195355776e+01 4.9380963262e+00 2.2234648802e+01 -2.7601992079e-01 9.6115191480e-01
-7.3378098914e-05 1.2118344722e-04 -1.7332433932e+01 3.7261363010e+00 -3.1528405726e+01 1.3874855549e+01 -1.6419768243e+01 -3.2441071415e+01 -4.8219131870e-06 3.2441071415e+01 1.0000000000e+00 1.8381263441e+01 1.8258429776e+01 2.1214588846e+00 2.0713049298e+01 -1.1541420379e-01 9.9331745256e-01
2.4603604909e-04 1.4503847227e-04 -9.7997796925e-01 -6.7089171261e+00 -9.5778492075e+00 1.3799965637e+01 2.6885002872e+00 -1.3246327464e+01 2.6884897856e+00 1.3246327464e+01 0.0000000000e+00 nan nan nan nan nan nan
2.6864517382e-04 1.3555171071e-04 -2.2388095703e+00 -7.1343378811e+00 -8.3304303625e+00 1.3435111692e+01 2.4721453854e+00 -1.3041385318e+01 2.4721445102e+00 1.3041385318e+01 0.0000000000e+00 nan nan nan nan nan nan
-1.3160561651e-04 1.1264040804e-04 -6.8364461108e+00 1.0078198508e+01 -2.9708838083e+01 2.6399834525e+01 -3.0306905275e+00 -3.3514593666e+01 -7.0215956551e-03 3.3514593666e+01 1.0000000000e+00 1.8910196965e+01 1.8607431370e+01 3.3703185433e+00 2.1402614480e+01 -1.7822757476e-01 9.8398929445e-01
-5.1437842318e-05 1.2350755918e-04 -2.3972772967e+01 1.1981467154e+00 -3.2126193458e+01 7.3363154901e+00 -2.3813859490e+01 -3.2285106936e+01 -3.1012680164e-07 3.2285106936e+01 1.0000000000e+00 1.7542577712e+01 1.7459281789e+01 1.7074870954e+00 2.0441681038e+01 -9.7333876664e-02 9.9525178546e-01
1.6892781924e-04 1.5716318287e-04 -3.4959939946e+00 -2.9546416678e+00 -1.6968047124e+01 1.2752351970e+01 -2.8694467166e+00 -1.7594594403e+01 8.2896952954e-04 1.7594594403e+01 1.0000000000e+00 2.4286320459e+01 2.4266943876e+01 -9.6994657061e-01 1.7630429323e+01 3.9937979582e-02 9.9920216062e-01
2.5808608918e-05 1.3175448293e-04 -5.3230566471e+01 -1.2408444809e+01 -3.9110261377e+01 2.4637494069e+01 -3.1945950091e+01 -6.0394877757e+01 -2.0499128324e-05 6.0394875573e+01 0.0000000000e+00 nan nan nan nan nan nan
-1.0271278817e-04 1.1741984847e-04 -1.0895563306e+01 6.9372596964e+00 -3.0726009078e+01 2.0956487920e+01 -8.7115522502e+00 -3.2910020134e+01 2.4300537112e-04 3.2910020134e+01 1.0000000000e+00 1.8843885415e+01 1.8646880576e+01 2.7176942981e+00 2.1053883555e+01 -1.4422154658e-01 9.8954542367e-01
1.6218520789e-04 1.5752041404e-04 -3.4443067677e+00 -3.1166469820e+00 -1.6552218945e+01 1.2568867218e+01 -2.7416239851e+00 -1.7254901728e+01 -1.3898266184e-04 1.7254901728e+01 1.0000000000e+00 2.4520193339e+01 2.4501467464e+01 -9.5810931686e-01 1.7700983793e+01 3.9074296994e-02 9.9923630804e-01
-5.4043304567e-05 1.2336515502e-04 -2.3214061895e+01 1.5381068994e+00 -3.2031818841e+01 8.0696799677e+00 -2.2963908466e+01 -3.2281972269e+01 -1.8879280065e-07 3.2281972269e+01 1.0000000000e+00 1.7717630320e+01 1.7629257025e+01 1.7674051280e+00 2.0484629519e+01 -9.9754035733e-02 9.9501212674e-01
-3.7808613043e-04 1.4232870582e-05 1.0125656103e+02 9.0722852715e+01 6.4917304702e+01 1.6022498259e+02 1.7559286970e+02 -9.4190039641e+00 1.7559286970e+02 9.4546211402e+00 1.0000000000e+00 4.8165030204e+00 3.5733464050e+00 3.2295350773e+00 2.3944352358e+01 -6.7051449228e-01 7.4189643188e-01
-3.5504274777e-04 3.2329655160e-05 6.0740874008e+01 5.4026246007e+01 2.8596230165e+01 9.7597146768e+01 1.0101629105e+02 -1.1679186872e+01 1.0101629105e+02 1.1679225995e+01 1.0000000000e+00 9.9029236368e+00 8.0103580537e+00 5.8225475875e+00 2.3907906894e+01 -5.8796248472e-01 8.0888819782e-01
-3.4010869064e-04 4.2065702797e-05 4.6219771419e+01 3.9300117692e+01 1.2739387598e+01 7.3923052114e+01 7.2159073546e+01 -1.3199914529e+01 7.2159073546e+01 1.3199914625e+01 1.0000000000e+00 1.3729836015e+01 1.1959362381e+01 6.7440379932e+00 2.3669244920e+01 -4.9119581513e-01 8.7104917840e-01
-5.6547404133e-05 1.2317438884e-04 -2.2453790805e+01 1.8477338490e+00 -3.1951187418e+01 8.8096645765e+00 -2.2116226897e+01 -3.2288751326e+01 8.8313512756e-09 3.2288751326e+01 1.0000000000e+00 1.7717630320e+01 1.7629257025e+01 1.7674051280e+00 2.0484629519e+01 -9.9754035733e-02 9.9501212674e-01
-1.6951228740e-04 1.0533680653e-04 -5.1404484316e+00 1.4111788306e+01 -2.7667721794e+01 3.1272152480e+01 1.6509005396e+00 -3.4459070765e+01 1.6787936804e+00 3.4459070765e+01 1.0000000000e+00 1.8493951616e+01 1.7983302514e+01 4.3159097649e+00 2.1896948341e+01 -2.3336871721e-01 9.7238831843e-01
1.5486553248e-04 1.5790256145e-04 -4.0735370617e+00 -3.4892233567e+00 -1.6179968734e+01 1.2093650431e+01 -3.1444805660e+00 -1.7109025230e+01 -1.2198834119e-05 1.7109025230e+01 1.0000000000e+00 2.4831209487e+01 2.4817633422e+01 -8.2099691501e-01 1.7797377985e+01 3.3063106146e-02 9.9945326605e-01
4.5012817714e-06 1.2907840438e-04 -4.4707398273e+01 -6.4547694731e+00 -3.4364558242e+01 1.4284685478e+01 -3.1288711251e+01 -4.7783245264e+01 8.1863723692e-10 4.7783245264e+01 1.0000000000e+00 1.2941672426e+01 1.2830114567e+01 1.6955958728e+00 2.0115841120e+01 -1.3101829632e-01 9.9137995039e-01
3.1923715203e-07 1.2830644909e-04 -4.2682925343e+01 -5.7355468440e+00 -3.4860316436e+01 1.1982997231e+01 -3.1853234213e+01 -4.5690007566e+01 7.9336712748e-09 4.5690007566e+01 1.0000000000e+00 1.3454326049e+01 1.3351236555e+01 1.6623392844e+00 2.0116234050e+01 -1.2355425893e-01 9.9233781803e-01
-3.2142477509e-04 4.9714512026e-05 3.6761590255e+01 2.8206952619e+01 -4.5325630294e+00 6.0677212397e+01 5.1146518524e+01 -1.8917491299e+01 5.1146518524e+01 1.8917491298e+01 1.0000000000e+00 1.2108561998e+01 1.1859979964e+01 2.4409319793e+00 2.2858076121e+01 -2.0158727186e-01 9.7947055690e-01
2.1643571312e-04 1.5422675403e-04 1.1338857748e+00 -6.1811403559e+00 -1.0894035838e+01 1.4936105680e+01 3.7432896033e+00 -1.3503439667e+01 3.7434721074e+00 1.3503439667e+01 1.0000000000e+00 2.9792971329e+01 2.9271002717e+01 -5.5524355526e+00 1.6542660396e+01 1.8636729755e-01 9.8248014250e-01
2.4232653782e-04 1.4696817614e-04 -6.5450424199e-01 -6.6378591671e+00 -9.7507713859e+00 1.3936333872e+01 2.8435082988e+00 -1.3248783927e+01 2.8434852218e+00 1.3248783927e+01 1.0000000000e+00 2.6901008933e+01 2.5616415485e+01 -8.2136191347e+00 1.5789102995e+01 3.0532754943e-01 9.5224738779e-01
3.6570919608e-04 5.7354611941e-05 -6.1492005530e+00 -1.0549084330e+01 7.0020348677e+00 2.1528161099e+01 1.2855706763e+01 -1.2002872448e+01 1.2855706763e+01 1.2002872450e+01 0.0000000000e+00 nan nan nan nan nan nan
2.0857396308e-04 1.5547905322e-04 1.4748628133e+00 -5.9893415752e+00 -1.1235452335e+01 1.5123347656e+01 3.8511740793e+00 -1.3611763601e+01 3.8518861297e+00 1.3611763601e+01 1.0000000000e+00 3.0356011502e+01 3.0130925166e+01 -3.6898215296e+00 1.6934143519e+01 1.2155159216e-01 9.9258511496e-01
1.3250883168e-04 1.5822959654e-04 -5.1477877746e+00 -3.9342557691e+00 -1.7149619407e+01 1.2428564666e+01 -3.9730684351e+00 -1.8324338746e+01 2.2552857841e-09 1.8324338746e+01 1.0000000000e+00 2.5700767363e+01 2.5700156133e+01 -1.7725065385e-01 1.8096707476e+01 6.8967066760e-03 9.9997621744e-01
