x_m y_m wss_mag_dyn_cm2 wss_x_dyn_cm2 wss_y_dyn_cm2 pressure_Pa normal_x normal_y
-3.9838259823e-04 1.1634281514e-06 6.0113662896e-01 4.8800050736e-01 3.5102813490e-01 2.3510013042e+01 -5.8394068502e-01 8.1179632691e-01
-3.9214542924e-04 6.1188744864e-06 2.0104164044e+00 1.5229240552e+00 1.3124314996e+00 2.3672919928e+01 -6.5281575336e-01 7.5751672732e-01
-3.8915281714e-04 8.7504101869e-06 2.7194191940e+00 2.0241290309e+00 1.8160788581e+00 2.3729887090e+01 -6.6781865118e-01 7.4432402160e-01
-3.8619166399e-04 1.1417676738e-05 3.4787184452e+00 2.5801834318e+00 2.3332671255e+00 2.3773254216e+01 -6.7072606257e-01 7.4170516311e-01
-3.8322521336e-04 1.4079020409e-05 4.2519229381e+00 3.1761065899e+00 2.8268702838e+00 2.3803115732e+01 -6.6484513594e-01 7.4698122146e-01
-3.8023395872e-04 1.6712398515e-05 5.0110216583e+00 3.7790937982e+00 3.2907124037e+00 2.3822629931e+01 -6.5669490738e-01 7.5415634893e-01
-3.7721240541e-04 1.9310921740e-05 5.7646750445e+00 4.3937685549e+00 3.7317926329e+00 2.3834224525e+01 -6.4735524623e-01 7.6218841842e-01
-3.7415689537e-04 2.1869383415e-05 6.5119239948e+00 5.0219969278e+00 4.1454433986e+00 2.3838060223e+01 -6.3659271852e-01 7.7120017553e-01
-3.6793114624e-04 2.6845548923e-05 7.9894239511e+00 6.3208566822e+00 4.8864778597e+00 2.3824099088e+01 -6.1161829559e-01 7.9115299437e-01
-3.6475614679e-04 2.9253972959e-05 8.7429999854e+00 7.0137248097e+00 5.2199341988e+00 2.3804713692e+01 -5.9704154266e-01 8.0221031927e-01
-3.6153325904e-04 3.1597758066e-05 9.4739512376e+00 7.7231191213e+00 5.4871835298e+00 2.3774696511e+01 -5.7918638087e-01 8.1519515223e-01
-3.5825659772e-04 3.3865621440e-05 1.0143467411e+01 8.4110068135e+00 5.6696468580e+00 2.3733745979e+01 -5.5894563747e-01 8.2920430194e-01
-3.5492448785e-04 3.6051166070e-05 1.0739161126e+01 9.0533711877e+00 5.7763355027e+00 2.3685856976e+01 -5.3787585777e-01 8.4302405756e-01
-3.5154014107e-04 3.8155017477e-05 1.1268740121e+01 9.6394408596e+00 5.8365815200e+00 2.3636017661e+01 -5.1794446026e-01 8.5541424824e-01
-3.4810892107e-04 4.0181609746e-05 1.1776753646e+01 1.0205072930e+01 5.8777898002e+00 2.3582523298e+01 -4.9910102367e-01 8.6654380626e-01
-3.4463172354e-04 4.2128103385e-05 1.2260364134e+01 1.0770672572e+01 5.8574005370e+00 2.3521133086e+01 -4.7775094386e-01 8.7849532477e-01
-3.3752595887e-04 4.5734706386e-05 1.2978949721e+01 1.1746532759e+01 5.5201543474e+00 2.3361701337e+01 -4.2531595128e-01 9.0504493899e-01
-3.3388982995e-04 4.7364005189e-05 1.3050654152e+01 1.2004066333e+01 5.1207387420e+00 2.3263257010e+01 -3.9237410495e-01 9.1980571958e-01
-3.3019804397e-04 4.8863085188e-05 1.2838356144e+01 1.1977771667e+01 4.6212957456e+00 2.3167826715e+01 -3.5996008319e-01 9.3296770497e-01
-3.2646006642e-04 5.0243598496e-05 1.2303031556e+01 1.1601446619e+01 4.0952438040e+00 2.3078188731e+01 -3.3286461027e-01 9.4297462916e-01
-3.2268261856e-04 5.1512082642e-05 1.1312873831e+01 1.0778428025e+01 3.4360738683e+00 2.3021114482e+01 -3.0373129937e-01 9.5275773299e-01
-3.1890379219e-04 5.2775746160e-05 1.0290119087e+01 9.7118947065e+00 3.4008310795e+00 2.3062473810e+01 -3.3049482235e-01 9.4380780480e-01
-3.1518732509e-04 5.4208042308e-05 1.0070708371e+01 9.2801691078e+00 3.9112182783e+00 2.3153130966e+01 -3.8837568662e-01 9.2150112645e-01
-3.0791596002e-04 5.7470206097e-05 1.0840815049e+01 9.8078888643e+00 4.6182883142e+00 2.3223235495e+01 -4.2600932617e-01 9.0471877068e-01
-3.0431793301e-04 5.9183884806e-05 1.1259092014e+01 1.0143539800e+01 4.8862821569e+00 2.3229315139e+01 -4.3398545377e-01 9.0091987763e-01
-3.0073131982e-04 6.0921413744e-05 1.1673946775e+01 1.0494720884e+01 5.1129117814e+00 2.3224589736e+01 -4.3797627999e-01 8.9898652836e-01
-2.9714968977e-04 6.2669219779e-05 1.2076752629e+01 1.0849966969e+01 5.3034112441e+00 2.3212549509e+01 -4.3914216075e-01 8.9841758813e-01
-2.9356830367e-04 6.4417527088e-05 1.2464690086e+01 1.1204060716e+01 5.4623733313e+00 2.3194561499e+01 -4.3822776930e-01 8.9886396202e-01
-2.8998365895e-04 6.6159133811e-05 1.2836296639e+01 1.1553351600e+01 5.5937981919e+00 2.3171928807e+01 -4.3577975403e-01 9.0005333508e-01
-2.8639317052e-04 6.7888647671e-05 1.3190503345e+01 1.1895159390e+01 5.7004001248e+00 2.3145496568e+01 -4.3215940861e-01 9.0179723084e-01
-2.8279494408e-04 6.9601991365e-05 1.3528305682e+01 1.2228738763e+01 5.7855857864e+00 2.3115698829e+01 -4.2766521710e-01 9.0393720030e-01
-2.7557019078e-04 7.2968481367e-05 1.4152458143e+01 1.2864577184e+01 5.8987053968e+00 2.3049162072e+01 -4.1679723319e-01 9.0899948647e-01
-2.7194202902e-04 7.4617456315e-05 1.4440278606e+01 1.3166056364e+01 5.9309869367e+00 2.3013039631e+01 -4.1072524281e-01 9.1175916498e-01
-2.6830270768e-04 7.6241646735e-05 1.4712907384e+01 1.3456427033e+01 5.9493037583e+00 2.2975325712e+01 -4.0435949217e-01 9.1460013180e-01
-2.6465197736e-04 7.7840022737e-05 1.4972136153e+01 1.3736708752e+01 5.9554759376e+00 2.2936005814e+01 -3.9777062382e-01 9.1748489406e-01
-2.6098972601e-04 7.9411818195e-05 1.5217615837e+01 1.4006020075e+01 5.9503977539e+00 2.2896246176e+01 -3.9102036861e-01 9.2038202467e-01
-2.5731594183e-04 8.0956462788e-05 1.5451817872e+01 1.4266241071e+01 5.9357426883e+00 2.2854783329e+01 -3.8414526610e-01 9.2327266532e-01
-2.5363068353e-04 8.2473526523e-05 1.5673832830e+01 1.4516168163e+01 5.9118438298e+00 2.2812616693e+01 -3.7717920650e-01 9.2614029509e-01
-2.4993406015e-04 8.3962681388e-05 1.5884728643e+01 1.4756534698e+01 5.8795652691e+00 2.2769773292e+01 -3.7013948437e-01 9.2897619028e-01
-2.4250723157e-04 8.6856067803e-05 1.6271244010e+01 1.5206170516e+01 5.7901433379e+00 2.2681500638e+01 -3.5585130027e-01 9.3454258977e-01
-2.3877742081e-04 8.8260032134e-05 1.6446618552e+01 1.5414242889e+01 5.7351876996e+00 2.2636551830e+01 -3.4871531078e-01 9.3722869783e-01
-2.3503712654e-04 8.9635828515e-05 1.6610980125e+01 1.5611056894e+01 5.6762279193e+00 2.2590913618e+01 -3.4171541212e-01 9.3980347792e-01
-2.3128676621e-04 9.0983947595e-05 1.6766521834e+01 1.5798759820e+01 5.6138616445e+00 2.2546154942e+01 -3.3482565437e-01 9.4228009699e-01
-2.2752668795e-04 9.2304722117e-05 1.6916258471e+01 1.5980455027e+01 5.5484103831e+00 2.2500663901e+01 -3.2799276463e-01 9.4468023498e-01
-2.2375719621e-04 9.3598388311e-05 1.7059303397e+01 1.6155229747e+01 5.4798160754e+00 2.2454533055e+01 -3.2122156150e-01 9.4700406991e-01
-2.1997858332e-04 9.4865167727e-05 1.7195060165e+01 1.6322540171e+01 5.4078439741e+00 2.2408404145e+01 -3.1449985764e-01 9.4925752014e-01
-2.1239513582e-04 9.7318975207e-05 1.7446405813e+01 1.6635977687e+01 5.2555991276e+00 2.2315372421e+01 -3.0124251286e-01 9.5354755961e-01
-2.0859086646e-04 9.8506492682e-05 1.7562578874e+01 1.6782611032e+01 5.1757263885e+00 2.2268280139e+01 -2.9470195839e-01 9.5558921913e-01
-2.0477859882e-04 9.9668079785e-05 1.7672428538e+01 1.6922434298e+01 5.0937165071e+00 2.2221230373e+01 -2.8822957163e-01 9.5756133696e-01
-2.0095860737e-04 1.0080401139e-04 1.7776018801e+01 1.7055472301e+01 5.0097613699e+00 2.2173865142e+01 -2.8182696171e-01 9.5946524880e-01
-1.9713115705e-04 1.0191455398e-04 1.7873777316e+01 1.7182141142e+01 4.9240167849e+00 2.2126107961e+01 -2.7548831441e-01 9.6130442037e-01
-1.9329650608e-04 1.0299997504e-04 1.7965581500e+01 1.7302269323e+01 4.8366925572e+00 2.2078449703e+01 -2.6921992796e-01 9.6307872492e-01
-1.8945491235e-04 1.0406056479e-04 1.8051215461e+01 1.7415604920e+01 4.7479558655e+00 2.2030376240e+01 -2.6302693443e-01 9.6478849069e-01
-1.8560662605e-04 1.0509661071e-04 1.8131414310e+01 1.7522874031e+01 4.6580114403e+00 2.1982448573e+01 -2.5690281854e-01 9.6643724154e-01
-1.7789093782e-04 1.0709620330e-04 1.8275772601e+01 1.7719365415e+01 4.4752601548e+00 2.1885594068e+01 -2.4487392421e-01 9.6955492946e-01
-1.7402400892e-04 1.0806034890e-04 1.8338988475e+01 1.7807637287e+01 4.3825280978e+00 2.1837101086e+01 -2.3897327292e-01 9.7102614529e-01
-1.7015132658e-04 1.0900112129e-04 1.8396537078e+01 1.7889568136e+01 4.2890474882e+00 2.1788288166e+01 -2.3314428525e-01 9.7244215368e-01
-1.6627311167e-04 1.0991882275e-04 1.8448905660e+01 1.7965590993e+01 4.1951949095e+00 2.1739779936e+01 -2.2739532560e-01 9.7380252921e-01
-1.6238958261e-04 1.1081377211e-04 1.8495064951e+01 1.8034703018e+01 4.1008431599e+00 2.1690494389e+01 -2.2172634541e-01 9.7510893122e-01
-1.5850094839e-04 1.1168627498e-04 1.8534645549e+01 1.8096568597e+01 4.0059069688e+00 2.1641446235e+01 -2.1613075676e-01 9.7636442786e-01
-1.5460741489e-04 1.1253665143e-04 1.8568679799e+01 1.8152137800e+01 3.9109797742e+00 2.1592882868e+01 -2.1062239300e-01 9.7756749515e-01
-1.5070918434e-04 1.1336523277e-04 1.8597454191e+01 1.8201728511e+01 3.8160688632e+00 2.1543779235e+01 -2.0519307772e-01 9.7872151343e-01
-1.4289940833e-04 1.1495833026e-04 1.8634324939e+01 1.8278127439e+01 3.6260340968e+00 2.1445014883e+01 -1.9458897001e-01 9.8088487232e-01
-1.3898824273e-04 1.1572354175e-04 1.8642903590e+01 1.8305377750e+01 3.5314302658e+00 2.1396303590e+01 -1.8942490630e-01 9.8189521074e-01
-1.3507314025e-04 1.1646835241e-04 1.8645246336e+01 1.8325675618e+01 3.4372698569e+00 2.1347180398e+01 -1.8435100266e-01 9.8286047220e-01
-1.3115427834e-04 1.1719312626e-04 1.8640132333e+01 1.8337822120e+01 3.3434732358e+00 2.1297639765e+01 -1.7936960833e-01 9.8378175609e-01
-1.2723183423e-04 1.1789826022e-04 1.8627104153e+01 1.8341328550e+01 3.2503347787e+00 2.1248637294e+01 -1.7449490548e-01 9.8465807667e-01
-1.2330598217e-04 1.1858417053e-04 1.8606889114e+01 1.8336938729e+01 3.1580057887e+00 2.1200153870e+01 -1.6972239526e-01 9.8549191196e-01
-1.1937689063e-04 1.1925127823e-04 1.8579406448e+01 1.8324565687e+01 3.0666979559e+00 2.1151340982e+01 -1.6505898423e-01 9.8628369738e-01
-1.1150965475e-04 1.2053091920e-04 1.8497267400e+01 1.8270536414e+01 2.8872825299e+00 2.1054087279e+01 -1.5609238205e-01 9.8774246050e-01
-1.0757183860e-04 1.2114444638e-04 1.8443356375e+01 1.8229620272e+01 2.7997033933e+00 2.1006421610e+01 -1.5180010278e-01 9.8841121442e-01
-1.0363143681e-04 1.2174114730e-04 1.8378919454e+01 1.8177485243e+01 2.7136157643e+00 2.0958245112e+01 -1.4764827558e-01 9.8903993181e-01
-9.9688608524e-05 1.2232160408e-04 1.8304164968e+01 1.8114329316e+01 2.6293589697e+00 2.0911027825e+01 -1.4364812458e-01 9.8962882754e-01
-9.5743511276e-05 1.2288644001e-04 1.8220133317e+01 1.8041183865e+01 2.5473403477e+00 2.0864416026e+01 -1.3980909488e-01 9.9017847734e-01
-9.1796301128e-05 1.2343632281e-04 1.8124972887e+01 1.7956212241e+01 2.4676069553e+00 2.0817584102e+01 -1.3614403568e-01 9.9068905392e-01
-8.7847134412e-05 1.2397198010e-04 1.8016616832e+01 1.7857354368e+01 2.3902671494e+00 2.0771669966e+01 -1.3267014399e-01 9.9116024582e-01
-8.3896168370e-05 1.2449420748e-04 1.7895790741e+01 1.7745321277e+01 2.3157933893e+00 2.0726884776e+01 -1.2940436233e-01 9.9159190749e-01
-7.5989473400e-05 1.2550192803e-04 1.7616536253e+01 1.7481505669e+01 2.1769954355e+00 2.0638877985e+01 -1.2357681466e-01 9.9233500940e-01
-7.2034069193e-05 1.2598942706e-04 1.7453678424e+01 1.7325289582e+01 2.1131094213e+00 2.0596428990e+01 -1.2106957456e-01 9.9264402387e-01
-6.8077519184e-05 1.2646754583e-04 1.7274711896e+01 1.7152232408e+01 2.0534348066e+00 2.0555309256e+01 -1.1886940975e-01 9.9290989693e-01
-6.4119999828e-05 1.2693758153e-04 1.7079192379e+01 1.6961864547e+01 1.9984902766e+00 2.0515653126e+01 -1.1701316036e-01 9.9313036420e-01
-6.0161699497e-05 1.2740100197e-04 1.6862519644e+01 1.6749569636e+01 1.9484572802e+00 2.0477427352e+01 -1.1554959290e-01 9.9330171226e-01
-5.6202822443e-05 1.2785947595e-04 1.6626239937e+01 1.6516834214e+01 1.9042168976e+00 2.0441204820e+01 -1.1453082025e-01 9.9341969540e-01
-5.2243592989e-05 1.2831490121e-04 1.6368590220e+01 1.6261842431e+01 1.8663404142e+00 2.0406963875e+01 -1.1401961862e-01 9.9347849829e-01
-4.8284267130e-05 1.2876948903e-04 1.6086440226e+01 1.5981364522e+01 1.8356326322e+00 2.0375002887e+01 -1.1411055563e-01 9.9346805741e-01
-4.0366726999e-05 1.2968824601e-04 1.5429239215e+01 1.5323240010e+01 1.8054745513e+00 2.0323138282e+01 -1.1701643394e-01 9.9312997850e-01
-3.6409751820e-05 1.3016276532e-04 1.5073844177e+01 1.4962875375e+01 1.8256885779e+00 2.0305916604e+01 -1.2111632285e-01 9.9263832101e-01
-3.2455014648e-05 1.3065554151e-04 1.4718155963e+01 1.4600521793e+01 1.8571155850e+00 2.0292258694e+01 -1.2617855048e-01 9.9200754705e-01
-2.8502863055e-05 1.3116863613e-04 1.4345534054e+01 1.4221315570e+01 1.8837544337e+00 2.0280334236e+01 -1.3131295263e-01 9.9134096479e-01
-2.4553699427e-05 1.3170418631e-04 1.3925863646e+01 1.3793693474e+01 1.9140790567e+00 2.0273492728e+01 -1.3744778100e-01 9.9050901434e-01
-2.0608404598e-05 1.3226742071e-04 1.3451697630e+01 1.3309128470e+01 1.9532712262e+00 2.0273489588e+01 -1.4520629886e-01 9.8940140023e-01
-1.6668318864e-05 1.3286583713e-04 1.2925679873e+01 1.2769255087e+01 2.0048253595e+00 2.0281183072e+01 -1.5510405481e-01 9.8789813857e-01
-8.8123111266e-06 1.3420997663e-04 1.1669835554e+01 1.1470566301e+01 2.1473636386e+00 2.0332553369e+01 -1.8400975991e-01 9.8292441635e-01
-4.9035317522e-06 1.3498575595e-04 1.0898564516e+01 1.0666380657e+01 2.2376398713e+00 2.0384049586e+01 -2.0531510071e-01 9.7869592286e-01
-1.0162503189e-06 1.3586167880e-04 1.0001539119e+01 9.7232003340e+00 2.3431090483e+00 2.0461921745e+01 -2.3427484714e-01 9.7217040481e-01
2.8361149712e-06 1.3687765479e-04 8.8885025906e+00 8.5442025746e+00 2.4499144203e+00 2.0582260585e+01 -2.7562735066e-01 9.6126456482e-01
6.6268342914e-06 1.3809854468e-04 7.4844314516e+00 7.0461247932e+00 2.5236559892e+00 2.0774805114e+01 -3.3718740101e-01 9.4143754790e-01
1.0219442365e-05 1.3976500829e-04 6.5183681896e+00 5.6403004224e+00 3.2674355388e+00 2.1220791481e+01 -5.0126587573e-01 8.6529331549e-01
1.3261085646e-05 1.4224532655e-04 1.0945011255e+01 7.2837246438e+00 8.1694936611e+00 2.1743839858e+01 -7.4641254093e-01 6.6548352252e-01
1.6147287806e-05 1.4496222558e-04 1.8251476061e+01 1.4332394029e+01 1.1300392020e+01 2.1726912173e+01 -6.1914948587e-01 7.8527314620e-01
2.2944596271e-05 1.4906827212e-04 2.4732188392e+01 2.2235619965e+01 1.0828589355e+01 2.1033916589e+01 -4.3783385373e-01 8.9905590289e-01
2.6571986975e-05 1.5071414875e-04 2.6004229238e+01 2.3964361245e+01 1.0096005565e+01 2.0801661754e+01 -3.8824475330e-01 9.2155629863e-01
3.0278368716e-05 1.5217503312e-04 2.6891153365e+01 2.5240587131e+01 9.2761463209e+00 2.0579700507e+01 -3.4495159784e-01 9.3862047450e-01
3.4044775039e-05 1.5347451507e-04 2.7428633193e+01 2.6102110226e+01 8.4267289383e+00 2.0379610413e+01 -3.0722380073e-01 9.5163729239e-01
3.7856435803e-05 1.5463568738e-04 2.7704301501e+01 2.6631969962e+01 7.6332494763e+00 2.0198328383e+01 -2.7552578707e-01 9.6129368075e-01
4.1701837468e-05 1.5568054690e-04 2.7854819184e+01 2.6978611712e+01 6.9314833809e+00 2.0039076618e+01 -2.4884323732e-01 9.6854377456e-01
4.5573176443e-05 1.5662528140e-04 2.7943856104e+01 2.7225573411e+01 6.2950175853e+00 1.9898840992e+01 -2.2527376185e-01 9.7429550559e-01
4.9465153968e-05 1.5748143259e-04 2.7991623405e+01 2.7400735772e+01 5.7210715780e+00 1.9765003362e+01 -2.0438512962e-01 9.7889055506e-01
5.7296429495e-05 1.5896121129e-04 2.8047502188e+01 2.7650887516e+01 4.7000849499e+00 1.9522980597e+01 -1.6757588317e-01 9.8585918030e-01
6.1230790388e-05 1.5959537667e-04 2.8048367429e+01 2.7728139218e+01 4.2262525881e+00 1.9408620170e+01 -1.5067731121e-01 9.8858300000e-01
6.5175150974e-05 1.6016420558e-04 2.8021301594e+01 2.7765597252e+01 3.7768971751e+00 1.9297963687e+01 -1.3478664303e-01 9.9087464437e-01
6.9127875038e-05 1.6067184884e-04 2.7979741389e+01 2.7777653992e+01 3.3567643497e+00 1.9192834588e+01 -1.1997124287e-01 9.9277736723e-01
7.3087571435e-05 1.6112202762e-04 2.7934848734e+01 2.7777621691e+01 2.9596464338e+00 1.9091327204e+01 -1.0594818186e-01 9.9437165223e-01
7.7053105471e-05 1.6151762234e-04 2.7887409997e+01 2.7767644625e+01 2.5817723207e+00 1.8992741863e+01 -9.2578418756e-02 9.9570539638e-01
8.1023509503e-05 1.6186102625e-04 2.7836342220e+01 2.7747666196e+01 2.2201281148e+00 1.8894957889e+01 -7.9756459999e-02 9.9681437946e-01
8.8975672546e-05 1.6239878868e-04 2.7735004121e+01 2.7692533005e+01 1.5342976686e+00 1.8709331113e+01 -5.5319900511e-02 9.9846868184e-01
9.2956066267e-05 1.6259528160e-04 2.7677438510e+01 2.7651493908e+01 1.1981181820e+00 1.8614203256e+01 -4.3288622302e-02 9.9906260824e-01
9.6938527111e-05 1.6274419207e-04 2.7603774641e+01 2.7590127610e+01 8.6788990454e-01 1.8522550808e+01 -3.1440986453e-02 9.9950560997e-01
1.0092245479e-04 1.6284690641e-04 2.7510796166e+01 2.7505235287e+01 5.5311615913e-01 1.8434168665e+01 -2.0105421733e-02 9.9979786558e-01
1.0490728588e-04 1.6290518010e-04 2.7417118722e+01 2.7415973799e+01 2.5055870076e-01 1.8343907587e+01 -9.1387684937e-03 9.9995824058e-01
1.0889251851e-04 1.6292035160e-04 2.7327249769e+01 2.7327217989e+01 -4.1676025566e-02 1.8258634062e+01 1.5250720771e-03 9.9999883708e-01
1.1287769309e-04 1.6289351301e-04 2.7227569835e+01 2.7225627747e+01 -3.2519665462e-01 1.8173451223e+01 1.1943653312e-02 9.9992867203e-01
1.1686238197e-04 1.6282558143e-04 2.7125203194e+01 2.7118549912e+01 -6.0074868228e-01 1.8088531930e+01 2.2147250953e-02 9.9975471956e-01
1.2482871437e-04 1.6256957782e-04 2.6911107476e+01 2.6887359365e+01 -1.1303149740e+00 1.7923959749e+01 4.2001800744e-02 9.9911753499e-01
1.2880961370e-04 1.6238288490e-04 2.6797951242e+01 2.6762129288e+01 -1.3851450149e+00 1.7842624665e+01 5.1688466869e-02 9.9866325776e-01
1.3278853524e-04 1.6215791075e-04 2.6678431530e+01 2.6628402328e+01 -1.6330641018e+00 1.7762758235e+01 6.1212897764e-02 9.9812473226e-01
1.3676516725e-04 1.6189551092e-04 2.6553466621e+01 2.6487451645e+01 -1.8712281845e+00 1.7684033011e+01 7.0470203052e-02 9.9751388486e-01
1.4073923959e-04 1.6159679343e-04 2.6430187046e+01 2.6346661401e+01 -2.0995762204e+00 1.7606576724e+01 7.9438568362e-02 9.9683976338e-01
1.4471049262e-04 1.6126265732e-04 2.6313324831e+01 2.6210671955e+01 -2.3220119167e+00 1.7530355091e+01 8.8244717518e-02 9.9609882533e-01
1.4867861854e-04 1.6089324516e-04 2.6200245621e+01 2.6076333540e+01 -2.5451325441e+00 1.7453809477e+01 9.7141552829e-02 9.9527057563e-01
1.5264324108e-04 1.6048798274e-04 2.6081875564e+01 2.5934277066e+01 -2.7708312829e+00 1.7376874697e+01 1.0623589075e-01 9.9434095537e-01
1.6056050423e-04 1.5956849219e-04 2.5800832862e+01 2.5600119629e+01 -3.2119855778e+00 1.7223323363e+01 1.2449154626e-01 9.9222066846e-01
1.6451258257e-04 1.5905508911e-04 2.5639856683e+01 2.5411538558e+01 -3.4140824299e+00 1.7148614449e+01 1.3315528523e-01 9.9109518716e-01
1.6845998007e-04 1.5850686646e-04 2.5465875995e+01 2.5207947794e+01 -3.6152742900e+00 1.7074181232e+01 1.4196543998e-01 9.8987161483e-01
1.7240242247e-04 1.5792405930e-04 2.5266181644e+01 2.4978357028e+01 -3.8028430218e+00 1.7001550407e+01 1.5051118825e-01 9.8860830576e-01
1.7633992878e-04 1.5730873178e-04 2.5046192541e+01 2.4730445567e+01 -3.9644448343e+00 1.6932953879e+01 1.5828532931e-01 9.8739341426e-01
1.8027280828e-04 1.5666443261e-04 2.4825678463e+01 2.4485198656e+01 -4.0974818974e+00 1.6869891471e+01 1.6505014771e-01 9.8628517617e-01
1.8420159433e-04 1.5599556618e-04 2.4632394853e+01 2.4271233408e+01 -4.2026307294e+00 1.6811973476e+01 1.7061397215e-01 9.8533794838e-01
1.9204787688e-04 1.5459329515e-04 2.4370122745e+01 2.3965427777e+01 -4.4227993455e+00 1.6699385125e+01 1.8148449197e-01 9.8339380676e-01
1.9596496018e-04 1.5385899220e-04 2.4275071596e+01 2.3846772616e+01 -4.5398829035e+00 1.6642668218e+01 1.8701831159e-01 9.8235642774e-01
1.9987772467e-04 1.5310202559e-04 2.4201341793e+01 2.3747001826e+01 -4.6674242178e+00 1.6585457947e+01 1.9285807612e-01 9.8122666213e-01
2.0378578155e-04 1.5232113290e-04 2.4140149901e+01 2.3657209790e+01 -4.8045043667e+00 1.6527032557e+01 1.9902545703e-01 9.7999432011e-01
2.0768874946e-04 1.5151519990e-04 2.4088092687e+01 2.3574365873e+01 -4.9482808103e+00 1.6468282290e+01 2.0542435114e-01 9.7867299746e-01
2.1158642944e-04 1.5068406505e-04 2.4059343190e+01 2.3514172838e+01 -5.0927075754e+00 1.6409434612e+01 2.1167275995e-01 9.7734059708e-01
2.1547833655e-04 1.4982634066e-04 2.4056081446e+01 2.3473367195e+01 -5.2627072009e+00 1.6348041238e+01 2.1876826501e-01 9.7577684243e-01
2.1936341965e-04 1.4893826903e-04 2.4053375581e+01 2.3426002525e+01 -5.4577726726e+00 1.6282434183e+01 2.2690256734e-01 9.7391746310e-01
2.2710908885e-04 1.4705861914e-04 2.3994297829e+01 2.3263715102e+01 -5.8758733780e+00 1.6145844909e+01 2.4488624005e-01 9.6955181885e-01
2.3096835495e-04 1.4606438577e-04 2.3943549186e+01 2.3157916048e+01 -6.0831301099e+00 1.6075519919e+01 2.5406133663e-01 9.6718810850e-01
2.3481789793e-04 1.4503315763e-04 2.3887676117e+01 2.3043785643e+01 -6.2932514262e+00 1.6006304778e+01 2.6345180651e-01 9.6467255877e-01
2.3865722554e-04 1.4396452736e-04 2.3833585251e+01 2.2929383737e+01 -6.5025492978e+00 1.5938802038e+01 2.7283135245e-01 9.6206187593e-01
2.4248547913e-04 1.4285692029e-04 2.3791537002e+01 2.2818850354e+01 -6.7332979612e+00 1.5866145005e+01 2.8301231487e-01 9.5911627535e-01
2.4630129275e-04 1.4170723105e-04 2.3737436421e+01 2.2688732065e+01 -6.9776303362e+00 1.5791947229e+01 2.9395045920e-01 9.5582065657e-01
2.5010334185e-04 1.4051284060e-04 2.3649438949e+01 2.2519221497e+01 -7.2236158370e+00 1.5717371351e+01 3.0544554789e-01 9.5220954483e-01
2.5389094782e-04 1.3927339493e-04 2.3550813631e+01 2.2339646186e+01 -7.4552686712e+00 1.5643017301e+01 3.1656098120e-01 9.4857216129e-01
2.6141894001e-04 1.3665522470e-04 2.3336593301e+01 2.1938623577e+01 -7.9557138221e+00 1.5490152172e+01 3.4091153407e-01 9.4009538130e-01
2.6515647649e-04 1.3527217979e-04 2.3190683639e+01 2.1696339988e+01 -8.1900328927e+00 1.5412277105e+01 3.5316047686e-01 9.3556275983e-01
2.6887456619e-04 1.3383773878e-04 2.3023792498e+01 2.1419894208e+01 -8.4429351000e+00 1.5332918102e+01 3.6670479465e-01 9.3033735472e-01
2.7257189066e-04 1.3235056922e-04 2.2833519431e+01 2.1124241462e+01 -8.6681043067e+00 1.5255330667e+01 3.7962191211e-01 9.2514172095e-01
2.7624809700e-04 1.3081194021e-04 2.2630869445e+01 2.0814503199e+01 -8.8832825246e+00 1.5179597173e+01 3.9252944065e-01 9.1973944040e-01
2.7990179363e-04 1.2922063155e-04 2.2416007503e+01 2.0484793862e+01 -9.1022311999e+00 1.5101146536e+01 4.0605942867e-01 9.1384667225e-01
2.8353143796e-04 1.2757521144e-04 2.2177682629e+01 2.0130010141e+01 -9.3076473130e+00 1.5024026984e+01 4.1968529665e-01 9.0766968208e-01
2.9071334897e-04 1.2411935044e-04 2.1642814128e+01 1.9354875624e+01 -9.6850499724e+00 1.4872376656e+01 4.4749494753e-01 8.9428645966e-01
2.9426291882e-04 1.2230768721e-04 2.1348506557e+01 1.8937130060e+01 -9.8561573290e+00 1.4796911568e+01 4.6167900798e-01 8.8704706391e-01
2.9778295110e-04 1.2043929279e-04 2.1033632523e+01 1.8498320608e+01 -1.0011285223e+01 1.4722752513e+01 4.7596558570e-01 8.7946390559e-01
3.0127200622e-04 1.1851368367e-04 2.0699836644e+01 1.8039945898e+01 -1.0151038816e+01 1.4649742305e+01 4.9039221860e-01 8.7150184850e-01
3.0472879827e-04 1.1653074400e-04 2.0353598283e+01 1.7570716713e+01 -1.0273211633e+01 1.4577185071e+01 5.0473687700e-01 8.6327323890e-01
3.0815146781e-04 1.1448950611e-04 1.9992765708e+01 1.7081404881e+01 -1.0389239045e+01 1.4504617430e+01 5.1964991720e-01 8.5437928554e-01
3.1153761132e-04 1.1238825662e-04 1.9606360165e+01 1.6566281830e+01 -1.0486546871e+01 1.4432970462e+01 5.3485434230e-01 8.4494427776e-01
3.1488541135e-04 1.1022644861e-04 1.9199311522e+01 1.6034062773e+01 -1.0560416369e+01 1.4362662708e+01 5.5004140940e-01 8.3513738268e-01
3.2145646586e-04 1.0571658660e-04 1.8330540968e+01 1.4905136492e+01 -1.0669847156e+01 1.4220462379e+01 5.8208032022e-01 8.1313129371e-01
3.2467135037e-04 1.0336181898e-04 1.7816997976e+01 1.4258164117e+01 -1.0684108429e+01 1.4147663509e+01 5.9965817153e-01 8.0025625728e-01
3.2783510045e-04 1.0093875162e-04 1.7239071883e+01 1.3575219448e+01 -1.0625394879e+01 1.4080434405e+01 6.1635539030e-01 7.8746811545e-01
3.3094849494e-04 9.8451270391e-05 1.6625925271e+01 1.2884807380e+01 -1.0507289370e+01 1.4018139789e+01 6.3198223250e-01 7.7498287581e-01
3.3401190062e-04 9.5902466396e-05 1.6004151472e+01 1.2201249843e+01 -1.0356754636e+01 1.3962827437e+01 6.4712925609e-01 7.6238030268e-01
3.3702466070e-04 9.3293988109e-05 1.5372154796e+01 1.1522447672e+01 -1.0175280965e+01 1.3910445916e+01 6.6192938468e-01 7.4956620101e-01
3.3998588181e-04 9.0627142123e-05 1.4727914893e+01 1.0847336102e+01 -9.9622676433e+00 1.3861180192e+01 6.7642077751e-01 7.3651539818e-01
3.4289456534e-04 8.7903089481e-05 1.4075852649e+01 1.0179660754e+01 -9.7213237129e+00 1.3818540269e+01 6.9063835459e-01 7.2320029257e-01
3.4855003996e-04 8.2287646730e-05 1.2727309381e+01 8.8551185049e+00 -9.1417328960e+00 1.3739368812e+01 7.1827694467e-01 6.9575730737e-01
3.5129467448e-04 7.9398376403e-05 1.2047079735e+01 8.2116605593e+00 -8.8148035152e+00 1.3706627265e+01 7.3169628729e-01 6.8163079681e-01
3.5398247030e-04 7.6456157548e-05 1.1356242741e+01 7.5772597391e+00 -8.4586868982e+00 1.3677546294e+01 7.4484907474e-01 6.6723298470e-01
3.5661234761e-04 7.3462056833e-05 1.0658751859e+01 6.9555238727e+00 -8.0764892656e+00 1.3652478520e+01 7.5773311661e-01 6.5256457458e-01
3.5918327135e-04 7.0417184961e-05 9.9569098286e+00 6.3489964865e+00 -7.6700910653e+00 1.3631880544e+01 7.7032846509e-01 6.3764728171e-01
3.6169427484e-04 6.7322712987e-05 9.2511579611e+00 5.7587878099e+00 -7.2401855350e+00 1.3615797557e+01 7.8262478767e-01 6.2249372826e-01
3.6414442246e-04 6.4179836433e-05 8.5435203855e+00 5.1868301697e+00 -6.7888536122e+00 1.3603936260e+01 7.9462016896e-01 6.0710689922e-01
3.6885866538e-04 5.7753833238e-05 7.1396464734e+00 4.1104142828e+00 -5.8377261145e+00 1.3594124037e+01 8.1764918421e-01 5.7571678068e-01
3.7112128476e-04 5.4473363891e-05 6.4437771589e+00 3.6070524208e+00 -5.3396101831e+00 1.3596230626e+01 8.2864600240e-01 5.5977299213e-01
3.7332010387e-04 5.1149790589e-05 5.7576008971e+00 3.1303996040e+00 -4.8322423790e+00 1.3602996424e+01 8.3928053809e-01 5.4369860988e-01
3.7545467166e-04 4.7784587651e-05 5.0848943342e+00 2.6824262713e+00 -4.3198078302e+00 1.3614646033e+01 8.4953738391e-01 5.2752841947e-01
3.7752471740e-04 4.4379309817e-05 4.4284935764e+00 2.2643689339e+00 -3.8058098597e+00 1.3631297897e+01 8.5939152761e-01 5.1131810282e-01
3.7953023445e-04 4.0935625949e-05 3.7908922418e+00 1.8770393573e+00 -3.2935675551e+00 1.3652624980e+01 8.6881065064e-01 4.9514447723e-01
3.8147157284e-04 3.7455348313e-05 3.1793130388e+00 1.5232397177e+00 -2.7906580158e+00 1.3678788278e+01 8.7775503127e-01 4.7910970047e-01
3.8334956583e-04 3.3940470623e-05 2.5988007722e+00 1.2041649562e+00 -2.3029876708e+00 1.3709727541e+01 8.8617322861e-01 4.6335408588e-01
3.8692284505e-04 2.6816349666e-05 1.5485292394e+00 6.7155350623e-01 -1.3953346170e+00 1.3784443574e+01 9.0107088814e-01 4.3367182818e-01
3.8862487696e-04 2.3212896831e-05 1.0954949198e+00 4.6063676574e-01 -9.9394310164e-01 1.3827558419e+01 9.0730051203e-01 4.2048279497e-01
3.9027844052e-04 1.9586900548e-05 7.0024146739e-01 2.8664105285e-01 -6.3888576402e-01 1.3873664637e+01 9.1237922028e-01 4.0934601305e-01
3.9189546207e-04 1.5944399437e-05 3.7210040854e-01 1.4963713071e-01 -3.4068672288e-01 1.3921506327e+01 9.1557739541e-01 4.0214180709e-01
3.9349141708e-04 1.2292583151e-05 1.2160118860e-01 4.8491176233e-02 -1.1151437081e-01 1.3969697770e+01 9.1705000659e-01 3.9877222247e-01
3.9510672155e-04 8.6494998675e-06 4.0140784788e-02 -1.6532909906e-02 3.6577937249e-02 1.4015584624e+01 9.1124120873e-01 4.1187311093e-01
3.9685433598e-04 5.0704989884e-06 1.0393552473e-01 -4.8361884157e-02 9.1998486197e-02 1.4055776601e+01 8.8514958126e-01 4.6530658580e-01
3.9889063334e-04 1.6536024893e-06 7.4602175646e-02 -4.1562319207e-02 6.1952063995e-02 1.4080949606e+01 8.3043240306e-01 5.5711939829e-01
