x_m y_m sigma_comp_mag_Pa
3.8395241215e-04 3.5300375979e-05 1.1068400197e+01
3.7460947099e-04 5.2573364636e-05 1.1500425380e+01
3.7208036497e-04 5.6664631773e-05 1.1571869265e+01
3.6679350394e-04 6.4587157154e-05 1.1684963701e+01
3.6121103618e-04 7.2171303576e-05 1.1770393049e+01
3.5534661787e-04 7.9425564163e-05 1.1839495860e+01
3.5231328137e-04 8.2931393055e-05 1.1870063939e+01
3.4921508585e-04 8.6357582347e-05 1.1899620932e+01
3.4605394155e-04 8.9704996959e-05 1.1927562812e+01
3.4283169115e-04 9.2974527749e-05 1.1955322589e+01
3.3955035249e-04 9.6166941816e-05 1.1983821757e+01
3.3621174769e-04 9.9283154883e-05 1.2011147383e+01
3.3281767652e-04 1.0232394596e-04 1.2039216993e+01
3.2936998987e-04 1.0529007910e-04 1.2068084227e+01
3.2232070544e-04 1.1100152659e-04 1.2128485591e+01
3.1138727332e-04 1.1902788967e-04 1.2224669191e+01
3.0006005403e-04 1.2642229868e-04 1.2329993184e+01
2.8837750595e-04 1.3320242308e-04 1.2442812002e+01
2.7637400047e-04 1.3938388246e-04 1.2560464787e+01
2.6407965482e-04 1.4497969219e-04 1.2681736248e+01
2.4727921144e-04 1.5154601961e-04 1.2845904332e+01
2.3005866709e-04 1.5709912959e-04 1.3005715738e+01
8.7343437736e-05 1.5593237700e-04 1.7857415277e+01
7.2782908205e-05 1.4956318952e-04 1.8569481957e+01
5.9194375209e-05 1.3935763932e-04 8.5444109879e+01
3.9614334665e-05 1.3510079106e-04 6.5611517302e+01
2.0990963958e-05 1.3289185326e-04 4.9687653400e+01
1.8597742899e-05 1.3265201283e-04 5.0777563642e+01
1.8105061141e-06 1.3131529801e-04 4.4896591687e+01
-6.1724768314e-07 1.3114343832e-04 4.3601094618e+01
-1.5352225268e-05 1.3012321823e-04 3.6232883874e+01
-1.7834711508e-05 1.2995019480e-04 3.5056476627e+01
-3.2878156875e-05 1.2885510675e-04 3.1985086544e+01
-3.5408807514e-05 1.2865990735e-04 3.1998458172e+01
-5.0718712570e-05 1.2738641402e-04 3.2124236508e+01
-5.3289838431e-05 1.2715483988e-04 3.2147853664e+01
-6.8818430111e-05 1.2563029008e-04 3.2323744053e+01
-7.1421961317e-05 1.2535198501e-04 3.2357176284e+01
-8.4495945222e-05 1.2384697977e-04 3.2540614971e+01
-8.7120877273e-05 1.2352228441e-04 3.2580667730e+01
-1.0292803475e-04 1.2139735857e-04 3.2843879849e+01
-1.0557071216e-04 1.2101265277e-04 3.2890876118e+01
-1.1880966080e-04 1.1895179447e-04 3.3143287119e+01
-1.2146151686e-04 1.1851145840e-04 3.3197173827e+01
-1.3473295175e-04 1.1616387700e-04 3.3483262724e+01
-1.4004443785e-04 1.1515513117e-04 3.3603683415e+01
-1.5066597649e-04 1.1301444741e-04 3.3860937341e+01
-1.5597375227e-04 1.1188124802e-04 3.3995460967e+01
-1.6657744660e-04 1.0948605914e-04 3.4279102370e+01
-1.7187109371e-04 1.0822289061e-04 3.4427388769e+01
-1.7715771818e-04 1.0691524158e-04 3.4580834198e+01
-1.8243621464e-04 1.0556254690e-04 3.4739249766e+01
-1.8770547751e-04 1.0416423044e-04 3.4900864939e+01
-1.9296436380e-04 1.0271983077e-04 3.5064059300e+01
-1.9821159608e-04 1.0122888038e-04 3.5230917653e+01
-2.0344599966e-04 9.9690933965e-05 3.5400028662e+01
-2.1127077485e-04 9.7295097495e-05 3.5653723134e+01
-2.1905954942e-04 9.4791709829e-05 3.5900361175e+01
-2.2680745661e-04 9.2180359568e-05 3.6124295786e+01
-2.3450844238e-04 8.9461511252e-05 3.6281248546e+01
-2.3961053280e-04 8.7589945766e-05 3.6330885235e+01
-2.4214836302e-04 8.6636449364e-05 3.6513418009e+01
-2.4719223137e-04 8.4694156131e-05 3.7501235190e+01
-2.4970392995e-04 8.3705265934e-05 3.7919910098e+01
-2.5472007158e-04 8.1688591038e-05 3.8303569372e+01
-2.6222012595e-04 7.8571389467e-05 3.8585980650e+01
-2.6471094497e-04 7.7509507223e-05 3.8691669319e+01
-2.6719681819e-04 7.6436946047e-05 3.8801043810e+01
-2.6967764992e-04 7.5354260873e-05 3.8912896348e+01
-2.7462448140e-04 7.3160999615e-05 3.9143301454e+01
-2.7955285543e-04 7.0935652997e-05 3.9368234407e+01
-2.8446600866e-04 6.8686688030e-05 3.9575016350e+01
-2.8936954014e-04 6.6425999297e-05 3.9749383752e+01
-2.9427272362e-04 6.4170943809e-05 3.9842476228e+01
-2.9672846203e-04 6.3053121902e-05 3.9842814602e+01
-2.9919006851e-04 6.1947518437e-05 3.9801974391e+01
-3.0166128982e-04 6.0859723751e-05 3.9637072160e+01
-3.1173757484e-04 5.6890242544e-05 3.8175502096e+01
-3.1996711871e-04 5.5387732760e-05 1.5756588988e+01
-3.2514390853e-04 5.4585289493e-05 1.2955514680e+01
-3.3064425374e-04 5.2503903515e-05 1.2209148461e+01
-3.3606183407e-04 4.9892486309e-05 1.2324613569e+01
-3.4144135295e-04 4.6920649966e-05 1.2020331730e+01
-3.4680921151e-04 4.3645956212e-05 1.1738052500e+01
-3.5758940812e-04 3.6264753136e-05 1.0987913772e+01
-3.6855236975e-04 2.7747852223e-05 1.0121370548e+01
-3.7987223451e-04 1.7899866337e-05 9.0822715770e+00
6.3312222638e-05 1.3850549687e-04 7.0822441275e+01
8.3371552171e-05 1.5139982136e-04 1.9449783617e+01
1.8310415234e-04 1.6372278074e-04 1.3599332571e+01
3.0454412952e-04 1.1934761396e-04 1.2486898944e+01
3.6030136519e-04 6.8192167085e-05 1.1957468449e+01
5.2222086536e-05 1.3499799716e-04 6.7526369877e+01
7.1318950366e-05 1.4361369001e-04 7.0668704688e+00
2.0094816294e-04 1.6048607371e-04 1.3480670289e+01
3.7078528139e-04 5.2813185504e-05 1.1747993960e+01
-3.5418064967e-04 3.5853020744e-05 1.1568409348e+01
2.3162407322e-04 1.5289341076e-04 1.3199910341e+01
2.8894609856e-04 1.2915817220e-04 1.2615698069e+01
3.6611171410e-05 1.3236268022e-04 5.7829731020e+01
6.7320345769e-05 1.4035271987e-04 5.2642557646e+01
1.0525703234e-04 1.5787236515e-04 1.8145437057e+01
2.1004594682e-04 1.5922372149e-04 1.3360767341e+01
2.6864895405e-04 1.3999542518e-04 1.2785634176e+01
2.9665631213e-04 1.2472842288e-04 1.2540254668e+01
3.9066141712e-04 1.2605785026e-05 9.2586515041e+00
-2.0133738884e-04 4.0425984412e-05 4.1773465213e+01
-1.7934865416e-04 4.1488020929e-05 4.2858193820e+01
1.1296353496e-04 6.6341814166e-05 2.2895465292e+01
1.3464642375e-04 6.8694422451e-05 2.0625181255e+01
-1.5611022391e-04 4.0974946614e-05 4.3929968700e+01
2.7000486857e-04 6.7232339111e-05 1.5241485607e+01
1.7885342717e-04 1.2295138997e-04 1.5456605611e+01
1.5635435497e-04 1.2181398761e-04 1.7008339294e+01
6.7151640529e-05 9.4361866362e-05 2.2415262771e+01
-2.0225915196e-04 6.7656275425e-05 3.7906861026e+01
-2.2322611913e-04 4.1574988071e-05 3.9733733269e+01
2.4485549460e-04 4.1501040517e-05 1.7000580193e+01
2.9001647326e-04 9.6820846919e-05 1.3887731837e+01
2.0133272019e-04 9.3812104486e-05 1.5848610514e+01
3.3532398160e-04 6.7360142933e-05 1.3319841849e+01
2.3809072733e-05 6.8086614370e-05 2.8266891203e+01
-3.1409594238e-04 1.5132231238e-05 1.7034531142e+01
1.7858047711e-04 9.3931501414e-05 1.7008674594e+01
-1.5665942363e-04 9.4344939721e-05 3.5022016327e+01
6.8287899021e-05 1.2201773269e-04 2.1068053799e+01
1.5749821208e-04 1.4852440476e-04 1.5215425552e+01
4.5587507524e-05 6.6952547058e-05 2.2701514078e+01
2.6688112814e-04 9.5661032723e-05 1.4471271098e+01
2.9201528713e-04 3.8831089095e-05 1.5805625039e+01
1.5646196084e-04 9.3574280271e-05 1.7009752184e+01
-2.4592173818e-04 6.8385085479e-05 3.7203102599e+01
8.8857355846e-05 4.0888371203e-05 2.2809597062e+01
1.1317293782e-04 4.1593436702e-05 2.2887620145e+01
2.2328949524e-04 6.7780008874e-05 1.6281763017e+01
1.8022519315e-04 1.3541806701e-05 2.0318732025e+01
1.5721350191e-04 1.4334903451e-05 2.1767276905e+01
1.3368177629e-04 1.3354230086e-05 2.2944395987e+01
2.9055275672e-04 1.5059583872e-05 1.7116376868e+01
2.7067301928e-04 1.4430386344e-05 1.9169570454e+01
2.7039798855e-04 1.2235867513e-04 1.3511510472e+01
-7.7358275601e-07 1.3547314914e-05 4.4242522491e+01
-2.3712195887e-05 1.3441268056e-05 4.7847930124e+01
2.0001557107e-04 1.4826800459e-04 1.4179183436e+01
1.8063006527e-04 1.4955493980e-04 1.4538500463e+01
3.1233045263e-04 9.3829767868e-05 1.3266380232e+01
-1.8008245476e-04 9.4586361937e-05 3.5271365193e+01
2.2556829780e-05 1.2172219583e-04 4.0664852354e+01
-1.1139596024e-04 9.5768492443e-05 3.4608790543e+01
8.9574584321e-05 1.2323492937e-04 2.2235706764e+01
4.5671055756e-05 1.2334761644e-04 4.0462514466e+01
2.1803857155e-05 9.5922478982e-05 3.3342263254e+01
5.9999854754e-07 9.5312425726e-05 3.6623324561e+01
3.1436963168e-04 1.3208184102e-05 1.6631257282e+01
2.2473180478e-04 9.6643247038e-05 1.5129940239e+01
-2.6852441198e-04 4.1173652827e-05 3.0428916145e+01
-3.3652816718e-04 3.8880214291e-05 1.5308800445e+01
3.5814926191e-04 1.1808494237e-05 1.1831963767e+01
1.1149874133e-04 1.2230262091e-04 1.7277127321e+01
1.3468317442e-04 1.4942296082e-04 1.7041219440e+01
-1.8013333599e-04 6.7758432526e-05 3.8283774658e+01
1.8119862983e-04 6.7554243866e-05 1.7026727274e+01
-4.4474352252e-05 4.2015451955e-05 4.4531572132e+01
-6.6922627283e-05 4.0262715999e-05 4.5618639971e+01
-8.9279049317e-05 4.1969291359e-05 4.5318063304e+01
-2.1872034375e-05 4.0599018794e-05 4.2814665576e+01
-6.6033318481e-05 9.4849112591e-05 3.5360841474e+01
2.2248094190e-05 4.1876613351e-05 3.2766684946e+01
1.7953979823e-04 4.1064432106e-05 1.8025560377e+01
1.5693418196e-04 4.0338906271e-05 1.9855328660e+01
-2.4717667053e-04 1.4036845339e-05 3.7436841698e+01
3.5386699526e-04 7.1025046687e-05 1.2227947491e+01
-2.4140221068e-04 8.1413645860e-05 3.7046764880e+01
-1.1189313573e-04 4.0431166083e-05 4.5316350153e+01
1.1354528022e-04 1.4869890742e-04 1.7222543816e+01
-2.2335452158e-04 8.8790149671e-05 3.6180739541e+01
-2.6811348461e-04 1.2892806054e-05 2.8132684860e+01
2.4752309256e-04 9.4992068591e-05 1.4818276857e+01
3.1777875761e-04 1.0623837436e-04 1.2536487451e+01
2.8950223819e-04 1.2278074265e-04 1.2888183869e+01
-1.1260565589e-04 1.1428022728e-04 3.3060605345e+01
-1.6771776019e-04 1.0370271384e-04 3.4519995712e+01
-1.4180756739e-04 1.1030567607e-04 3.3745705995e+01
-2.5282071600e-04 7.7760213137e-05 3.7674945019e+01
-2.5523337572e-04 7.6159861419e-05 3.7685549574e+01
-1.6311991199e-04 1.0582988204e-04 3.4334798497e+01
-2.9055415827e-04 6.0894706372e-05 3.6293931671e+01
-1.7056874010e-04 1.0422493508e-04 3.4548620086e+01
3.2111761568e-04 1.0328132593e-04 1.2523108456e+01
3.4430916999e-04 8.0925859004e-05 1.2366461520e+01
-1.2504993833e-04 1.1284339711e-04 3.3338861835e+01
-3.1191317813e-04 5.2602450798e-05 1.8048328401e+01
-3.0629319416e-04 5.4147496271e-05 2.7549575757e+01
-3.0356264443e-04 5.5121183856e-05 3.0063625758e+01
-3.0087832733e-04 5.6148738187e-05 3.2006897026e+01
-2.3904856108e-04 8.3526231549e-05 3.6740367337e+01
-2.8553352829e-04 6.3524630753e-05 3.7289070672e+01
-2.8305191596e-04 6.4850521357e-05 3.7610610463e+01
-2.6192210613e-04 7.3888575540e-05 3.7881129445e+01
-2.9589171403e-04 5.8758782285e-05 3.5066551890e+01
-2.4628108284e-04 8.0539885997e-05 3.7433593913e+01
3.0766801893e-04 1.1548229750e-04 1.2539082039e+01
-3.1322668552e-04 4.1458561837e-05 1.7149429940e+01
-3.3074116266e-04 4.6541526599e-05 1.5363275968e+01
-3.2487216864e-04 4.8644972725e-05 1.6790566061e+01
5.0860653043e-05 1.3277470846e-04 5.9961135383e+01
3.8115790837e-04 1.2716835480e-05 8.4720856912e+00
2.0234998374e-04 4.1673565095e-05 1.7391788728e+01
-1.4885342535e-04 1.0837554736e-04 3.3955021148e+01
-1.8666217424e-04 9.9978844738e-05 3.5050017176e+01
-3.5698922120e-04 1.3540486384e-05 1.5415295726e+01
3.3570265342e-04 4.0503710026e-05 1.4232454392e+01
-1.1792607870e-04 1.1480966034e-04 3.3148811131e+01
-1.0566916321e-04 1.1624645823e-04 3.2883043008e+01
-1.0830884896e-04 1.1646451183e-04 3.2930139903e+01
5.4631425348e-05 1.3495057215e-04 6.5906860482e+01
9.0246822723e-05 1.4845891363e-04 1.9912413478e+01
-3.6504186985e-04 2.5351973035e-05 1.0989927519e+01
-3.5065853662e-04 3.5382062473e-05 1.2160461873e+01
-3.4470407995e-04 3.8816186584e-05 1.2782360355e+01
-3.7681805634e-04 1.2884374962e-05 1.0086282277e+01
-3.6779971943e-04 2.0819366348e-05 1.1141963910e+01
-1.8177005496e-04 1.0148407083e-04 3.4887607198e+01
3.8188424032e-04 3.1224469694e-05 1.1154573931e+01
-2.8806186704e-04 6.2254452254e-05 3.6895233768e+01
-2.6910858117e-04 6.8771811336e-05 3.7544037726e+01
-2.7103448645e-04 6.9830302355e-05 3.7913785335e+01
-2.7349795006e-04 6.8458774628e-05 3.7807500364e+01
-2.9163021589e-04 4.1371600481e-05 1.6816461376e+01
3.4158911460e-04 8.8498734622e-05 1.2201172404e+01
3.4849947843e-04 8.1896195612e-05 1.2112031878e+01
3.3497123815e-04 1.4628408560e-05 1.5512056862e+01
3.3168886047e-04 9.8072058669e-05 1.2276008862e+01
3.3474654231e-04 9.1330787468e-05 1.2416724838e+01
-9.0837927569e-05 1.1760071003e-04 3.2591081758e+01
3.1269301881e-04 6.7374152071e-05 1.4205440673e+01
2.8949209079e-04 6.7162217716e-05 1.4849907991e+01
2.0154689546e-04 1.2295229679e-04 1.4929698766e+01
2.2410534463e-04 1.5164224095e-04 1.3456947027e+01
-2.3460720997e-04 8.4302937194e-05 3.6536014502e+01
2.5416170717e-04 1.4431817604e-04 1.3018067900e+01
-2.0294498924e-04 1.3590670184e-05 4.6049053491e+01
9.0543747834e-05 6.8871594387e-05 2.2776023015e+01
-2.0011370502e-04 9.5163861919e-05 3.5528196280e+01
-1.9122600503e-04 9.7899120567e-05 3.5236522290e+01
-1.3473916378e-04 1.1151420966e-04 3.3567479787e+01
-1.3210052354e-04 1.1120486527e-04 3.3527055347e+01
-1.1184408185e-04 1.3363182131e-05 5.1013893879e+01
8.9138663490e-05 1.4328022707e-05 2.2976034821e+01
-2.2349290219e-04 6.8315545818e-05 3.7451604167e+01
4.4173788044e-05 4.1190181632e-05 2.5006752485e+01
-6.5881515578e-05 1.3356860992e-05 5.0893359691e+01
-4.4855946480e-05 1.4900917121e-05 4.9587176538e+01
4.4681747973e-05 1.3910616190e-05 3.2909548577e+01
-1.5603615900e-04 1.0705886124e-04 3.4146854769e+01
2.4718821471e-04 1.2056048563e-04 1.4153158176e+01
-2.2530146870e-04 1.3747498063e-05 4.2848034650e+01
-4.6136393851e-05 9.4985183811e-05 3.6014163029e+01
1.2995934516e-05 1.2854018492e-04 4.5632105700e+01
8.9644750747e-06 1.2772953822e-04 4.3649259347e+01
2.4311473689e-05 1.2884153917e-04 4.7537017001e+01
-2.3529398844e-05 9.5674370631e-05 3.6770068246e+01
-1.3328237496e-04 6.7402709171e-05 3.9101805372e+01
-7.0154303368e-07 1.2247465695e-04 3.7636989885e+01
-1.4047746294e-06 1.2680135717e-04 3.9128259536e+01
-3.8722825980e-06 1.2651694305e-04 3.8047207547e+01
-8.8381784731e-06 1.2599840293e-04 3.5985539530e+01
-2.1504165530e-05 1.2498924279e-04 3.2862587216e+01
-2.2515902192e-05 1.2273684065e-04 3.3109802404e+01
-1.4483636068e-04 1.1007516408e-04 3.3814093399e+01
-3.4169785483e-05 1.2425912763e-04 3.2004215042e+01
-4.5757788649e-05 1.2166789573e-04 3.2066826191e+01
-6.4030644182e-05 1.2151879891e-04 3.2123745018e+01
-1.9570640525e-04 9.6729623262e-05 3.5373648861e+01
1.1201700649e-04 9.4065419622e-05 2.2823770663e+01
2.2548798601e-04 4.1995087788e-05 1.7129782117e+01
6.5952789374e-05 4.0759784117e-05 2.2761660397e+01
-2.4658324932e-04 4.1772395507e-05 3.6423801725e+01
-8.4164088821e-05 1.1959735353e-04 3.2446946285e+01
-8.1458180299e-05 1.1956954970e-04 3.2401072711e+01
-1.2793417943e-04 1.1312983659e-04 3.3386469508e+01
1.5583275881e-04 6.7899925356e-05 1.7420055306e+01
6.9385140532e-07 6.8035811838e-05 3.6065068721e+01
-2.2749488199e-05 6.8789503092e-05 3.9212061116e+01
-4.4519740007e-05 6.8299538384e-05 4.0137765555e+01
2.6882524912e-04 4.2244995698e-05 1.6254418679e+01
-1.1173955021e-04 6.6837031391e-05 3.9610582612e+01
-1.7480873979e-04 1.0248618853e-04 3.4710008855e+01
-2.1850720888e-04 8.9639914460e-05 3.6079566094e+01
-2.1653468331e-04 9.1486919418e-05 3.5969262224e+01
-2.1403609517e-04 9.1094244696e-05 3.5947874840e+01
-2.0940102051e-04 9.2670878923e-05 3.5802274433e+01
-2.0722000578e-04 9.4447146322e-05 3.5683419691e+01
-1.5740850989e-04 6.8364292864e-05 3.8538414615e+01
3.5810708390e-04 3.9199966282e-05 1.2839219105e+01
2.2048625724e-05 1.3706009550e-05 3.9089665496e+01
6.7058901555e-05 1.4134248533e-05 2.6958288722e+01
-8.8879260994e-05 1.3350862304e-05 5.1232535239e+01
-1.3475840178e-04 1.3390247531e-05 5.0401986381e+01
-8.8798641112e-05 9.5109961413e-05 3.4850788947e+01
1.1141683309e-04 1.4618705101e-05 2.2910669262e+01
3.1241042657e-04 4.1523089153e-05 1.5097554525e+01
-1.3552463495e-04 9.4912327933e-05 3.4788407347e+01
4.3993519791e-05 9.4283547856e-05 2.2411203065e+01
2.2435947052e-04 1.2208594999e-04 1.4554064577e+01
2.4704440576e-04 6.9701799971e-05 1.5558501817e+01
-1.5760106209e-04 1.3432749666e-05 4.9446838957e+01
-2.9113167009e-04 1.4396142048e-05 1.7043231069e+01
-3.3668814844e-04 1.3378104248e-05 1.6999624895e+01
2.4637886050e-04 1.3074854613e-05 1.9923944394e+01
2.0031017921e-04 6.8933719282e-05 1.6987606841e+01
2.2302958159e-04 1.4097558269e-05 1.9498056157e+01
2.0326024678e-04 1.2725678555e-05 1.9716219055e+01
8.9890853183e-05 9.4601377175e-05 2.2627021935e+01
-1.3084066519e-06 4.1040858820e-05 3.9338540361e+01
-9.6101772338e-05 1.1778651488e-04 3.2680230920e+01
-8.8200940931e-05 6.8297204585e-05 3.9768818573e+01
-6.6376385044e-05 6.8166712159e-05 4.0144801063e+01
1.3489650911e-04 1.2338558478e-04 1.7034389857e+01
-1.3583674839e-04 4.0675299008e-05 4.4658423626e+01
-1.8913886166e-05 1.2763860688e-04 3.2991321791e+01
4.8829432355e-06 1.2716120806e-04 4.1745422107e+01
1.3436306822e-04 3.9657794480e-05 2.3017527444e+01
6.6096644290e-05 6.8383055290e-05 2.2686947811e+01
6.5388697913e-05 1.3936065775e-04 6.8842070175e+01
3.2211321779e-04 1.0700749152e-04 1.2316716874e+01
1.0179658846e-04 1.5639020789e-04 1.8411517793e+01
1.4153815582e-04 1.6442575432e-04 1.4109204357e+01
1.5991254609e-04 1.6529432736e-04 1.3806326904e+01
1.6931491098e-04 1.6423380286e-04 1.3784816319e+01
-1.8031713956e-04 1.3495488583e-05 4.8077451531e+01
1.7860258504e-04 1.6427457895e-04 1.3633163950e+01
2.6478121076e-04 1.3925199688e-04 1.2943968277e+01
2.2289861624e-04 1.5577342176e-04 1.3261227168e+01
1.3587464908e-04 9.6412873793e-05 1.7010275177e+01
2.3633039749e-04 1.5186010700e-04 1.3131288327e+01
-2.9830860403e-04 5.7411162655e-05 3.3734782974e+01
2.7287798354e-04 1.3721831630e-04 1.2783566194e+01
2.8135257884e-04 1.3337266429e-04 1.2683120724e+01
3.5468564869e-04 7.5193826057e-05 1.2031512613e+01
3.5753309240e-04 7.1694848300e-05 1.1997143131e+01
3.6321590519e-04 6.4610153261e-05 1.1901122269e+01
3.6838036312e-04 5.6795112197e-05 1.1805432537e+01
3.7336929384e-04 4.8882106121e-05 1.1658767246e+01
3.8872276400e-04 1.7336579654e-05 1.0034311028e+01
-2.0272254622e-04 9.5717235021e-05 3.5545783399e+01
3.7809517785e-04 4.0485848296e-05 1.1445160214e+01
-6.6712870364e-05 1.2139743549e-04 3.2159029208e+01
-3.6858590649e-05 1.2408520422e-04 3.1961174992e+01
1.8749508300e-04 1.6323490467e-04 1.3557577847e+01
5.9192695835e-05 1.3689497853e-04 7.0378968296e+01
2.8513283058e-04 1.3148796934e-04 1.2641669924e+01
3.1828773731e-04 1.1001934517e-04 1.2347751315e+01
-1.5970436326e-04 1.0908379008e-04 3.4146688210e+01
3.8471353238e-04 2.6454723814e-05 1.0867747564e+01
-2.5947417203e-04 7.4971419649e-05 3.7841257477e+01
3.5683280426e-04 6.7729701742e-05 1.2174847651e+01
-3.8747738709e-04 8.2998541588e-06 5.5491006574e+00
-1.9815696289e-04 9.6989945145e-05 3.5404234421e+01
-3.3598506693e-04 4.4464633660e-05 1.3670417936e+01
2.1428209933e-04 1.5831876689e-04 1.3318324663e+01
-1.5139279662e-04 1.0870403670e-04 3.3991592165e+01
-1.7719024631e-04 1.0268359938e-04 3.4745476437e+01
-2.3248611414e-04 8.5836901363e-05 3.6416001568e+01
2.9321861657e-04 1.2356115368e-04 1.2720870813e+01
2.6530737338e-05 1.2922410637e-04 4.8695579979e+01
-8.9492592747e-05 1.1938267593e-04 3.2544950990e+01
-1.9376609227e-04 9.8248354566e-05 3.5264213431e+01
1.9633775217e-04 1.6195977079e-04 1.3476658820e+01
-7.1963022001e-05 1.2114344936e-04 3.2238181460e+01
2.4540339625e-04 1.4600396890e-04 1.3184519673e+01
-1.3055858884e-04 1.1267803269e-04 3.3451793828e+01
2.7838491068e-04 1.3165513888e-04 1.2864257906e+01
4.2541110491e-05 1.3125698810e-04 5.6851296094e+01
1.1980458547e-04 1.5885471965e-04 1.7427683349e+01
-3.7822950158e-04 1.4277765083e-05 9.5156664618e+00
-3.5540446653e-04 3.2497749436e-05 1.1723094255e+01
-7.4641577811e-05 1.2096410642e-04 3.2281389958e+01
-3.4062420464e-04 4.2413547445e-05 1.3077059081e+01
-5.4963489000e-05 1.2307230000e-04 3.2004422069e+01
3.1192277723e-05 1.3007849196e-04 5.1546469330e+01
-3.2095587411e-04 5.0987123161e-05 1.8112861462e+01
3.7519929744e-04 4.1434090124e-05 1.1637276095e+01
3.6551259855e-04 5.7561828521e-05 1.1969810740e+01
1.2301215514e-04 1.6021242260e-04 1.7606589443e+01
