x_m y_m sigma_xx_Pa sigma_xy_Pa sigma_yy_Pa von_mises_Pa sigma_max_principal_Pa sigma_min_principal_Pa sigma_tension_Pa sigma_comp_mag_Pa is_surface wss_mag_dyn_cm2 wss_x_dyn_cm2 wss_y_dyn_cm2 pressure_Pa normal_x normal_y
3.8395241215e-04 3.5300375979e-05 -6.9718743906e+00 -1.0961005817e+01 1.8141839487e+01 2.8844466698e+01 2.2238343161e+01 -1.1068378065e+01 2.2238343161e+01 1.1068400197e+01 1.0000000000e+00 2.2243390668e+00 9.6111591435e-01 -2.0059761921e+00 1.3711519484e+01 9.0183022096e-01 4.3209056061e-01
3.7460947099e-04 5.2573364636e-05 -6.8606867536e+00 -1.0185391088e+01 1.0828646219e+01 2.3355674832e+01 1.5468384884e+01 -1.1500425419e+01 1.5468384884e+01 1.1500425380e+01 1.0000000000e+00 5.2160359776e+00 2.6762231667e+00 -4.4771487446e+00 1.3593335626e+01 8.5834314868e-01 5.1307605588e-01
3.7208036497e-04 5.6664631773e-05 -6.7712857336e+00 -1.0049627956e+01 9.4419634216e+00 2.2355940230e+01 1.4242546954e+01 -1.1571869266e+01 1.4242546954e+01 1.1571869265e+01 1.0000000000e+00 5.8751625279e+00 3.1109532141e+00 -4.9839246412e+00 1.3583090757e+01 8.4830413074e-01 5.2950930282e-01
3.6679350394e-04 6.4587157154e-05 -6.5473256050e+00 -9.8022048774e+00 7.0010758542e+00 2.0631910057e+01 1.2138713950e+01 -1.1684963701e+01 1.2138713950e+01 1.1684963701e+01 1.0000000000e+00 7.9064055121e+00 4.5696727281e+00 -6.4520802289e+00 1.3581114137e+01 8.1605733718e-01 5.7797095293e-01
3.6121103618e-04 7.2171303576e-05 -6.2802913796e+00 -9.5752954311e+00 4.9181260688e+00 1.9207249022e+01 1.0408227738e+01 -1.1770393049e+01 1.0408227738e+01 1.1770393049e+01 1.0000000000e+00 9.2716378797e+00 5.6478045551e+00 -7.3529295304e+00 1.3603890020e+01 7.9305615964e-01 6.0914852677e-01
3.5534661787e-04 7.9425564163e-05 -5.9827609503e+00 -9.3612557609e+00 3.1145346289e+00 1.8022651508e+01 8.9712695390e+00 -1.1839495860e+01 8.9712695390e+00 1.1839495860e+01 1.0000000000e+00 1.0621260642e+01 6.7889205862e+00 -8.1683373403e+00 1.3641466005e+01 7.6905535185e-01 6.3918218513e-01
3.5231328137e-04 8.2931393055e-05 -5.8249443439e+00 -9.2582135944e+00 2.3013251879e+00 1.7508010129e+01 8.3464447827e+00 -1.1870063939e+01 8.3464447827e+00 1.1870063939e+01 1.0000000000e+00 1.1942098332e+01 7.9760439201e+00 -8.8879939215e+00 1.3694800865e+01 7.4425730509e-01 6.6789300327e-01
3.4921508585e-04 8.6357582347e-05 -5.6618993606e+00 -9.1574246365e+00 1.5377102796e+00 1.7039095531e+01 7.7754318512e+00 -1.1899620932e+01 7.7754318512e+00 1.1899620932e+01 1.0000000000e+00 1.2586423193e+01 8.5805200512e+00 -9.2082965007e+00 1.3727639943e+01 7.3160550535e-01 6.8172823364e-01
3.4605394155e-04 8.9704996959e-05 -5.4934942093e+00 -9.0599348454e+00 8.2237107835e-01 1.6613833506e+01 7.2564396813e+00 -1.1927562812e+01 7.2564396813e+00 1.1927562812e+01 1.0000000000e+00 1.3217899432e+01 9.1891386520e+00 -9.5011892012e+00 1.3763293076e+01 7.1881233851e-01 6.9520415850e-01
3.4283169115e-04 9.2974527749e-05 -5.3224630170e+00 -8.9620784491e+00 1.4831503158e-01 1.6226282548e+01 6.7811746041e+00 -1.1955322589e+01 6.7811746041e+00 1.1955322589e+01 1.0000000000e+00 1.3837043209e+01 9.8009421984e+00 -9.7675635040e+00 1.3801464869e+01 7.0589961715e-01 7.0831188788e-01
3.3955035249e-04 9.6166941816e-05 -5.1471938190e+00 -8.8667592321e+00 -4.8899085659e-01 1.5875509043e+01 6.3476370814e+00 -1.1983821757e+01 6.3476370814e+00 1.1983821757e+01 1.0000000000e+00 1.4444417576e+01 1.0415112097e+01 -1.0008328487e+01 1.3844402569e+01 6.9288556875e-01 7.2104756335e-01
3.3621174769e-04 9.9283154883e-05 -4.9677333017e+00 -8.7732637475e+00 -1.0881574310e+00 1.5559362307e+01 5.9552566500e+00 -1.2011147383e+01 5.9552566500e+00 1.2011147383e+01 1.0000000000e+00 1.5032952662e+01 1.1025347792e+01 -1.0219166884e+01 1.3888331571e+01 6.7978441186e-01 7.3341199431e-01
3.3281767652e-04 1.0232394596e-04 -4.7856165855e+00 -8.6801348567e+00 -1.6560526419e+00 1.5273886322e+01 5.5975477660e+00 -1.2039216993e+01 5.5975477660e+00 1.2039216993e+01 1.0000000000e+00 1.6170749859e+01 1.2241737348e+01 -1.0565652734e+01 1.3985466620e+01 6.5338050655e-01 7.5702966498e-01
3.2936998987e-04 1.0529007910e-04 -4.6002834904e+00 -8.5881987932e+00 -2.1944398212e+00 1.5018132032e+01 5.2733609155e+00 -1.2068084227e+01 5.2733609155e+00 1.2068084227e+01 1.0000000000e+00 1.6716338388e+01 1.2842869515e+01 -1.0700311759e+01 1.4037625222e+01 6.4011098066e-01 7.6828245616e-01
3.2232070544e-04 1.1100152659e-04 -4.2212607531e+00 -8.4077239220e+00 -3.1909978189e+00 1.4587949040e+01 4.7162270192e+00 -1.2128485591e+01 4.7162270192e+00 1.2128485591e+01 1.0000000000e+00 1.7761700321e+01 1.4026413409e+01 -1.0896684136e+01 1.4148365249e+01 6.1349329957e-01 7.8969992490e-01
3.1138727332e-04 1.1902788967e-04 -3.6331253362e+00 -8.1408150136e+00 -4.5123690432e+00 1.4119543086e+01 4.0791748120e+00 -1.2224669191e+01 4.0791748120e+00 1.2224669191e+01 1.0000000000e+00 1.9214464241e+01 1.5740151634e+01 -1.1020129882e+01 1.4329166927e+01 5.7353302928e-01 8.1918243653e-01
3.0006005403e-04 1.2642229868e-04 -3.0195609757e+00 -7.8800574676e+00 -5.6617112035e+00 1.3837972408e+01 3.6487210051e+00 -1.2329993184e+01 3.6487210051e+00 1.2329993184e+01 1.0000000000e+00 2.0951657988e+01 1.7889185061e+01 -1.0906375672e+01 1.4589792778e+01 5.2054952780e-01 8.5383147582e-01
2.8837750595e-04 1.3320242308e-04 -2.3797622453e+00 -7.6201300067e+00 -6.6735569739e+00 1.3711178144e+01 3.3894927826e+00 -1.2442812002e+01 3.3894927826e+00 1.2442812002e+01 1.0000000000e+00 2.2114606950e+01 1.9385531104e+01 -1.0642228355e+01 1.4797807806e+01 4.8123072587e-01 8.7659397013e-01
2.7637400047e-04 1.3938388246e-04 -1.7067219972e+00 -7.3600243499e+00 -7.5703662998e+00 1.3721169039e+01 3.2833764898e+00 -1.2560464787e+01 3.2833764898e+00 1.2560464787e+01 1.0000000000e+00 2.3516611351e+01 2.1237535177e+01 -1.0099411322e+01 1.5090745446e+01 4.2945861421e-01 9.0308653997e-01
2.6407965482e-04 1.4497969219e-04 -9.9319492030e-01 -7.0965651884e+00 -8.3738111592e+00 1.3853346287e+01 3.3147301684e+00 -1.2681736248e+01 3.3147301685e+00 1.2681736248e+01 1.0000000000e+00 2.4468448174e+01 2.2519524703e+01 -9.5695330692e+00 1.5319120035e+01 3.9109685262e-01 9.2034952701e-01
2.4727921144e-04 1.5154601961e-04 4.3211056567e-02 -6.7381429303e+00 -9.3242379420e+00 1.4212153916e+01 3.5648774464e+00 -1.2845904333e+01 3.5648774331e+00 1.2845904332e+01 1.0000000000e+00 2.5635901294e+01 2.4104690486e+01 -8.7271605745e+00 1.5635992432e+01 3.4042729665e-01 9.4027084167e-01
2.3005866709e-04 1.5709912959e-04 1.2163263503e+00 -6.3581822921e+00 -1.0164301067e+01 1.4777387030e+01 4.0577410214e+00 -1.3005715738e+01 4.0577410188e+00 1.3005715738e+01 1.0000000000e+00 2.6976917825e+01 2.5919340561e+01 -7.4794304734e+00 1.6047182339e+01 2.7725296573e-01 9.6079695721e-01
8.7343437736e-05 1.5593237700e-04 7.8187374441e+00 1.7323018702e-01 -1.7888867233e+01 2.2208697945e+01 7.7871328426e+00 -1.7857262631e+01 7.7303236064e+00 1.7857415277e+01 1.0000000000e+00 2.6724113696e+01 2.5721324576e+01 7.2520145416e+00 1.9818597753e+01 -2.7136595151e-01 9.6247624405e-01
7.2782908205e-05 1.4956318952e-04 1.9149153447e+01 6.9039378177e+00 -1.6310947660e+01 3.5046648325e+01 2.1653294738e+01 -1.8815088951e+01 1.8597821343e+01 1.8569481957e+01 1.0000000000e+00 2.5105423565e+01 2.2454701601e+01 1.1228030477e+01 2.0677233475e+01 -4.4723525369e-01 8.9441636158e-01
5.9194375209e-05 1.3935763932e-04 -6.9678924517e+01 -2.5778999560e+01 -4.3801346282e+01 4.9716432499e+01 -2.8036339713e+01 -8.5443931085e+01 4.9376641503e-03 8.5444109879e+01 1.0000000000e+00 6.6461713264e+00 6.2361215134e+00 2.2983432664e+00 2.0439233943e+01 -3.4581462823e-01 9.3830285244e-01
3.9614334665e-05 1.3510079106e-04 -6.2306282937e+01 -1.0219179293e+01 -3.4356090807e+01 2.9930410276e+01 -3.1050856442e+01 -6.5611517302e+01 2.8053418559e-08 6.5611517302e+01 1.0000000000e+00 1.1176718926e+01 1.1046573822e+01 1.7006624391e+00 1.9932265296e+01 -1.5216115305e-01 9.8835569685e-01
2.0990963958e-05 1.3289185326e-04 -4.7548930160e+01 -5.8476754024e+00 -3.3763694542e+01 1.5642741557e+01 -3.1624971302e+01 -4.9687653400e+01 4.3143236281e-09 4.9687653400e+01 1.0000000000e+00 1.3369008982e+01 1.3294301754e+01 1.4113617658e+00 1.9881285467e+01 -1.0556966247e-01 9.9441190981e-01
1.8597742899e-05 1.3265201283e-04 -4.7963108768e+01 -6.6993152222e+00 -3.4844091683e+01 1.6236180906e+01 -3.2029636809e+01 -5.0777563642e+01 8.0546339882e-09 5.0777563642e+01 1.0000000000e+00 1.3731325033e+01 1.3659557707e+01 1.4020593510e+00 1.9891324327e+01 -1.0210663193e-01 9.9477345950e-01
1.8105061141e-06 1.3131529801e-04 -4.4062076027e+01 -3.2688910518e+00 -3.2744117071e+01 1.1247063497e+01 -3.1909601411e+01 -4.4896591687e+01 9.1052041273e-09 4.4896591687e+01 1.0000000000e+00 1.5220715182e+01 1.5178611557e+01 1.1313363160e+00 1.9929239208e+01 -7.4328722564e-02 9.9723379455e-01
-6.1724768314e-07 1.3114343832e-04 -4.2908172950e+01 -2.8254582741e+00 -3.2580913070e+01 1.0143844942e+01 -3.1887991402e+01 -4.3601094618e+01 1.0483811384e-08 4.3601094618e+01 1.0000000000e+00 1.5571088921e+01 1.5530381914e+01 1.1251878863e+00 1.9954181229e+01 -7.2261348708e-02 9.9738573154e-01
-1.5352225268e-05 1.3012321823e-04 -3.6203597101e+01 -6.8783239235e-01 -3.1921498687e+01 3.7591321866e+00 -3.1892211914e+01 -3.6232883874e+01 -3.6660382411e-10 3.6232883874e+01 1.0000000000e+00 1.6732786746e+01 1.6690642167e+01 1.1868514481e+00 2.0083038306e+01 -7.0929694264e-02 9.9748131735e-01
-1.7834711508e-05 1.2995019480e-04 -3.5150238289e+01 -3.7502305940e-01 -3.1837790431e+01 2.7062640323e+00 -3.1931552092e+01 -3.5056476627e+01 -1.2657019894e-08 3.5056476627e+01 1.0000000000e+00 1.6732786746e+01 1.6690642167e+01 1.1868514481e+00 2.0083038306e+01 -7.0929694264e-02 9.9748131735e-01
-3.2878156875e-05 1.2885510675e-04 -2.9176460812e+01 1.3078625730e+00 -3.1454448924e+01 2.8918868929e+00 -2.8645823192e+01 -3.1985086544e+01 -4.6233002636e-08 3.1985086544e+01 1.0000000000e+00 1.7595706334e+01 1.7543500368e+01 1.3544283771e+00 2.0243052111e+01 -7.6974936464e-02 9.9703302812e-01
-3.5408807514e-05 1.2865990735e-04 -2.8252867400e+01 1.5643145289e+00 -3.1401636707e+01 3.7606393103e+00 -2.7656045935e+01 -3.1998458172e+01 -2.5183113085e-08 3.1998458172e+01 1.0000000000e+00 1.7772968493e+01 1.7717034458e+01 1.4089354394e+00 2.0286502204e+01 -7.9274063863e-02 9.9685285915e-01
-5.0718712570e-05 1.2738641402e-04 -2.3166793056e+01 3.0289012020e+00 -3.1115757906e+01 8.6307416696e+00 -2.2158314455e+01 -3.2124236508e+01 2.0598305199e-07 3.2124236508e+01 1.0000000000e+00 1.8224727809e+01 1.8154683473e+01 1.5962993820e+00 2.0421755371e+01 -8.7589751610e-02 9.9615663197e-01
-5.3289838431e-05 1.2715483988e-04 -2.2395519976e+01 3.2643726484e+00 -3.1070089299e+01 9.3791400384e+00 -2.1317755612e+01 -3.2147853664e+01 1.5944336856e-07 3.2147853664e+01 1.0000000000e+00 1.8350223284e+01 1.8274473041e+01 1.6656319104e+00 2.0468256730e+01 -9.0769026871e-02 9.9587197157e-01
-6.8818430111e-05 1.2563029008e-04 -1.8220329205e+01 4.6547371092e+00 -3.0794975835e+01 1.3537867652e+01 -1.6691560987e+01 -3.2323744053e+01 2.5533400290e-06 3.2323744053e+01 1.0000000000e+00 1.8745513719e+01 1.8641708326e+01 1.9700241754e+00 2.0660747102e+01 -1.0509310147e-01 9.9446238743e-01
-7.1421961317e-05 1.2535198501e-04 -1.7598971362e+01 4.8854826824e+00 -3.0746775252e+01 1.4175628582e+01 -1.5988570329e+01 -3.2357176284e+01 2.2048914921e-06 3.2357176284e+01 1.0000000000e+00 1.8819247353e+01 1.8707083717e+01 2.0516066248e+00 2.0709882100e+01 -1.0901640147e-01 9.9403995101e-01
-8.4495945222e-05 1.2384697977e-04 -1.4800772923e+01 6.0386129220e+00 -3.0489667560e+01 1.7139326433e+01 -1.2749825512e+01 -3.2540614971e+01 1.8936094074e-05 3.2540614971e+01 1.0000000000e+00 1.8990862251e+01 1.8850228073e+01 2.3068919901e+00 2.0858386428e+01 -1.2147378880e-01 9.9259463964e-01
-8.7120877273e-05 1.2352228441e-04 -1.4301329822e+01 6.2701306794e+00 -3.0434178436e+01 1.7689285252e+01 -1.2154840527e+01 -3.2580667730e+01 2.8505463245e-05 3.2580667730e+01 1.0000000000e+00 1.9031918007e+01 1.8880649796e+01 2.3947789621e+00 2.0908294321e+01 -1.2582961745e-01 9.9205186728e-01
-1.0292803475e-04 1.2139735857e-04 -1.1710661590e+01 7.6698630579e+00 -3.0062769283e+01 2.0710416277e+01 -8.9295510238e+00 -3.2843879849e+01 -9.2159427997e-05 3.2843879849e+01 1.0000000000e+00 1.9124772324e+01 1.8925050634e+01 2.7566963865e+00 2.1108970446e+01 -1.4414270349e-01 9.8955691147e-01
-1.0557071216e-04 1.2101265277e-04 -1.1344870415e+01 7.9030024385e+00 -2.9994088436e+01 2.1168080011e+01 -8.4480827329e+00 -3.2890876118e+01 2.7795406302e-05 3.2890876118e+01 1.0000000000e+00 1.9124772324e+01 1.8925050634e+01 2.7566963865e+00 2.1108970446e+01 -1.4414270349e-01 9.8955691147e-01
-1.1880966080e-04 1.1895179447e-04 -9.7871136927e+00 9.0868679253e+00 -2.9610446912e+01 2.3286568889e+01 -6.2542734856e+00 -3.3143287119e+01 2.2205648978e-04 3.3143287119e+01 1.0000000000e+00 1.9116063749e+01 1.8858189636e+01 3.1293093389e+00 2.1309837767e+01 -1.6370050759e-01 9.8651008298e-01
-1.2146151686e-04 1.1851145840e-04 -9.5274458119e+00 9.3251199056e+00 -2.9525677935e+01 2.3678194474e+01 -5.8559499200e+00 -3.3197173827e+01 2.3098172358e-04 3.3197173827e+01 1.0000000000e+00 1.9116063749e+01 1.8858189636e+01 3.1293093389e+00 2.1309837767e+01 -1.6370050759e-01 9.8651008298e-01
-1.3473295175e-04 1.1616387700e-04 -8.4836045137e+00 1.0519196431e+01 -2.9058335165e+01 2.5482438772e+01 -4.0586769546e+00 -3.3483262724e+01 -5.6776299995e-03 3.3483262724e+01 1.0000000000e+00 1.9018630761e+01 1.8692644554e+01 3.5061881887e+00 2.1509655464e+01 -1.8435544770e-01 9.8285963845e-01
-1.4004443785e-04 1.1515513117e-04 -8.1814263270e+00 1.0999297876e+01 -2.8846451555e+01 2.6136204102e+01 -3.4241944667e+00 -3.3603683415e+01 -1.0385948228e-02 3.3603683415e+01 1.0000000000e+00 1.8981383339e+01 1.8636798242e+01 3.6003700868e+00 2.1559461988e+01 -1.8967901456e-01 9.8184615467e-01
-1.5066597649e-04 1.1301444741e-04 -7.7671965182e+00 1.1958962861e+01 -2.8382301387e+01 2.7342480348e+01 -2.2885605633e+00 -3.3860937341e+01 8.1702914209e-02 3.3860937341e+01 1.0000000000e+00 1.8841084641e+01 1.8436840974e+01 3.8819280459e+00 2.1707930456e+01 -2.0603527450e-01 9.7854456499e-01
-1.5597375227e-04 1.1188124802e-04 -7.6493952767e+00 1.2435578595e+01 -2.8127095594e+01 2.7898515668e+01 -1.7810299043e+00 -3.3995460967e+01 1.0310183407e-02 3.3995460967e+01 1.0000000000e+00 1.8784901348e+01 1.8359509756e+01 3.9750371321e+00 2.1757050206e+01 -2.1160809196e-01 9.7735460065e-01
-1.6657744660e-04 1.0948605914e-04 -7.5972154675e+00 1.3387491680e+01 -2.7563838203e+01 2.8922781240e+01 -8.8195130062e-01 -3.4279102370e+01 -2.9204769955e-01 3.4279102370e+01 1.0000000000e+00 1.8588876376e+01 1.8096190728e+01 4.2513769609e+00 2.1903547759e+01 -2.2870542978e-01 9.7349567353e-01
-1.7187109371e-04 1.0822289061e-04 -7.6574005456e+00 1.3858737315e+01 -2.7254729404e+01 2.9395195084e+01 -4.8474118037e-01 -3.4427388769e+01 -2.5330920359e-01 3.4427388769e+01 1.0000000000e+00 1.8513893401e+01 1.7997517929e+01 4.3420729208e+00 2.1952865025e+01 -2.3453051321e-01 9.7210875851e-01
-1.7715771818e-04 1.0691524158e-04 -7.7768660525e+00 1.4327392915e+01 -2.6925195496e+01 2.9842894934e+01 -1.2122735047e-01 -3.4580834198e+01 -1.2864752371e-01 3.4580834198e+01 1.0000000000e+00 1.8350871145e+01 1.7785275665e+01 4.5208894347e+00 2.2048759646e+01 -2.4635830087e-01 9.6917882127e-01
-1.8243621464e-04 1.0556254690e-04 -7.9462986255e+00 1.4790988854e+01 -2.6575972254e+01 3.0272982033e+01 2.1697888615e-01 -3.4739249766e+01 2.1698010608e-01 3.4739249766e+01 1.0000000000e+00 1.8261272834e+01 1.7670181104e+01 4.6085556612e+00 2.2097559013e+01 -2.5236771297e-01 9.6763140578e-01
-1.8770547751e-04 1.0416423044e-04 -8.1645627389e+00 1.5248671846e+01 -2.6206271986e+01 3.0684055282e+01 5.3003021399e-01 -3.4900864939e+01 5.3003517606e-01 3.4900864939e+01 1.0000000000e+00 1.8166496862e+01 1.7549342887e+01 4.6949092102e+00 2.2145134698e+01 -2.5843778499e-01 9.6602790399e-01
-1.9296436380e-04 1.0271983077e-04 -8.4387476111e+00 1.5694185697e+01 -2.5815426758e+01 3.1067747038e+01 8.0988493067e-01 -3.5064059300e+01 8.0988488092e-01 3.5064059300e+01 1.0000000000e+00 1.7963991512e+01 1.7293064911e+01 4.8636300248e+00 2.2240315406e+01 -2.7074328228e-01 9.6265158552e-01
-1.9821159608e-04 1.0122888038e-04 -8.7742330740e+00 1.6130986735e+01 -2.5399255080e+01 3.1426630494e+01 1.0574294985e+00 -3.5230917653e+01 1.0574294889e+00 3.5230917653e+01 1.0000000000e+00 1.7854516198e+01 1.7155940895e+01 4.9454464588e+00 2.2287178727e+01 -2.7698574434e-01 9.6087402787e-01
-2.0344599966e-04 9.9690933965e-05 -9.1568022957e+00 1.6553835968e+01 -2.4960506966e+01 3.1768191701e+01 1.2827194003e+00 -3.5400028655e+01 1.2827193982e+00 3.5400028662e+01 1.0000000000e+00 1.7739811559e+01 1.7013123823e+01 5.0253887329e+00 2.2333878889e+01 -2.8328309555e-01 9.5903633287e-01
-2.1127077485e-04 9.7295097495e-05 -9.8319445365e+00 1.7162471716e+01 -2.4250089285e+01 3.2238152847e+01 1.5716893133e+00 -3.5653723136e+01 1.5716893136e+00 3.5653723134e+01 1.0000000000e+00 1.7358881551e+01 1.6545652721e+01 5.2509184637e+00 2.2473555362e+01 -3.0249175031e-01 9.5315200309e-01
-2.1905954942e-04 9.4791709829e-05 -1.0629287779e+01 1.7719360412e+01 -2.3479120657e+01 3.2642501378e+01 1.7919527392e+00 -3.5900361175e+01 1.7919527392e+00 3.5900361175e+01 1.0000000000e+00 1.7074434289e+01 1.6202199269e+01 5.3874896895e+00 2.2565177153e+01 -3.1552961570e-01 9.4891572946e-01
-2.2680745661e-04 9.2180359568e-05 -1.1563790991e+01 1.8202961738e+01 -2.2637561911e+01 3.2949875232e+01 1.9229428839e+00 -3.6124295786e+01 1.9229428839e+00 3.6124295786e+01 1.0000000000e+00 1.6763953009e+01 1.5832427497e+01 5.5103865623e+00 2.2655165414e+01 -3.2870448630e-01 9.4443282487e-01
-2.3450844238e-04 8.9461511252e-05 -1.2698141355e+01 1.8536968725e+01 -2.1716331310e+01 3.3037158257e+01 1.8667758804e+00 -3.6281248546e+01 1.8667758804e+00 3.6281248546e+01 1.0000000000e+00 1.6429678205e+01 1.5438630052e+01 5.6198779379e+00 2.2744068430e+01 -3.4205648264e-01 9.3967939356e-01
-2.3961053280e-04 8.7589945766e-05 -1.3790772624e+01 1.8580845472e+01 -2.1018961961e+01 3.2780824661e+01 1.5211506502e+00 -3.6330885235e+01 1.5211506502e+00 3.6330885235e+01 1.0000000000e+00 1.6251945514e+01 1.5229932105e+01 5.6722924001e+00 2.2788727631e+01 -3.4902236137e-01 9.3711439604e-01
-2.4214836302e-04 8.6636449364e-05 -1.4813909352e+01 1.8585501322e+01 -2.0606973497e+01 3.2567710777e+01 1.0925351597e+00 -3.6513418009e+01 1.0925351597e+00 3.6513418009e+01 1.0000000000e+00 1.6054195513e+01 1.4999257711e+01 5.7235881838e+00 2.2834082464e+01 -3.5651666127e-01 9.3428896506e-01
-2.4719223137e-04 8.4694156131e-05 -1.6819614697e+01 1.9247138699e+01 -1.9611405246e+01 3.3403855939e+01 1.0702152468e+00 -3.7501235190e+01 1.0702152468e+00 3.7501235190e+01 1.0000000000e+00 1.5832420500e+01 1.4748126241e+01 5.7583253876e+00 2.2878156475e+01 -3.6370467722e-01 9.3151430895e-01
-2.4970392995e-04 8.3705265934e-05 -1.7173335901e+01 1.9844625133e+01 -1.8960668636e+01 3.4386245040e+01 1.7859055619e+00 -3.7919910098e+01 1.7859055619e+00 3.7919910098e+01 1.0000000000e+00 1.5596449472e+01 1.4487046857e+01 5.7770848632e+00 2.2920233455e+01 -3.7041025738e-01 9.2886825827e-01
-2.5472007158e-04 8.1688591038e-05 -1.7171514274e+01 2.0788045239e+01 -1.7874338644e+01 3.5993129340e+01 3.2577164541e+00 -3.8303569372e+01 3.2577164541e+00 3.8303569372e+01 1.0000000000e+00 1.5351882083e+01 1.4219750895e+01 5.7861012757e+00 2.2960950543e+01 -3.7689849651e-01 9.2625456724e-01
-2.6222012595e-04 7.8571389467e-05 -1.7694205319e+01 2.1510188184e+01 -1.6461304900e+01 3.7253339417e+01 4.4304704314e+00 -3.8585980650e+01 4.4304704314e+00 3.8585980650e+01 1.0000000000e+00 1.4829011449e+01 1.3657775921e+01 5.7762217253e+00 2.3039416455e+01 -3.8952169842e-01 9.2101728891e-01
-2.6471094497e-04 7.7509507223e-05 -1.7960588215e+01 2.1713341696e+01 -1.5972441565e+01 3.7629071274e+01 4.7586395392e+00 -3.8691669319e+01 4.7586395392e+00 3.8691669319e+01 1.0000000000e+00 1.4544489298e+01 1.3358385458e+01 5.7528868327e+00 2.3076630824e+01 -3.9553721789e-01 9.1844994924e-01
-2.6719681819e-04 7.6436946047e-05 -1.8252138400e+01 2.1908177979e+01 -1.5468252369e+01 3.8002664234e+01 5.0806530407e+00 -3.8801043810e+01 5.0806530407e+00 3.8801043810e+01 1.0000000000e+00 1.4544489298e+01 1.3358385458e+01 5.7528868327e+00 2.3076630824e+01 -3.9553721789e-01 9.1844994924e-01
-2.6967764992e-04 7.5354260873e-05 -1.8559859102e+01 2.2101925125e+01 -1.4945754180e+01 3.8382401272e+01 5.4072830657e+00 -3.8912896348e+01 5.4072830657e+00 3.8912896348e+01 1.0000000000e+00 1.4241308876e+01 1.3044757877e+01 5.7139452594e+00 2.3112475180e+01 -4.0122332219e-01 9.1598026492e-01
-2.7462448140e-04 7.3160999615e-05 -1.9182455434e+01 2.2492101284e+01 -1.3846651425e+01 3.9194141291e+01 6.1141945956e+00 -3.9143301454e+01 6.1141945955e+00 3.9143301454e+01 1.0000000000e+00 1.3581031685e+01 1.2379882409e+01 5.5841680828e+00 2.3177268641e+01 -4.1117407073e-01 9.1155684604e-01
-2.7955285543e-04 7.0935652997e-05 -1.9720466724e+01 2.2913839406e+01 -1.2672413367e+01 4.0134725136e+01 6.9753543156e+00 -3.9368234407e+01 6.9753543156e+00 3.9368234407e+01 1.0000000000e+00 1.3216645703e+01 1.2024094662e+01 5.4864260854e+00 2.3205832470e+01 -4.1511486415e-01 9.0976900891e-01
-2.8446600866e-04 6.8686688030e-05 -2.0168452638e+01 2.3410275110e+01 -1.1402150829e+01 4.1204994414e+01 8.0044128833e+00 -3.9575016350e+01 8.0044128833e+00 3.9575016350e+01 1.0000000000e+00 1.2828437436e+01 1.1653624115e+01 5.3630077428e+00 2.3230332888e+01 -4.1805619503e-01 9.0842116763e-01
-2.8936954014e-04 6.6425999297e-05 -2.0384476572e+01 2.4025139160e+01 -1.0042078888e+01 4.2497782250e+01 9.3228282917e+00 -3.9749383752e+01 9.3228282917e+00 3.9749383752e+01 1.0000000000e+00 1.1971479534e+01 1.0866862426e+01 5.0227107471e+00 2.3265657760e+01 -4.1955639090e-01 9.0772927399e-01
-2.9427272362e-04 6.4170943809e-05 -2.0194901582e+01 2.4852922990e+01 -8.5778706519e+00 4.4091241434e+01 1.1069703994e+01 -3.9842476228e+01 1.1069703994e+01 3.9842476228e+01 1.0000000000e+00 1.1498837961e+01 1.0451224109e+01 4.7953299243e+00 2.3273356886e+01 -4.1702735010e-01 9.0889393730e-01
-2.9672846203e-04 6.3053121902e-05 -1.9839680590e+01 2.5368325031e+01 -7.8249577848e+00 4.5051499588e+01 1.2178176227e+01 -3.9842814602e+01 1.2178176227e+01 3.9842814602e+01 1.0000000000e+00 1.0994726628e+01 1.0022456783e+01 4.5204395411e+00 2.3271769370e+01 -4.1114615162e-01 9.1156943894e-01
-2.9919006851e-04 6.1947518437e-05 -1.9289317975e+01 2.6043747595e+01 -7.0275878622e+00 4.6147932883e+01 1.3485068554e+01 -3.9801974391e+01 1.3485068554e+01 3.9801974391e+01 1.0000000000e+00 1.0994726628e+01 1.0022456783e+01 4.5204395411e+00 2.3271769370e+01 -4.1114615162e-01 9.1156943894e-01
-3.0166128982e-04 6.0859723751e-05 -1.8344483013e+01 2.6808900968e+01 -6.2336859914e+00 4.7368104108e+01 1.5058903156e+01 -3.9637072160e+01 1.5058903156e+01 3.9637072160e+01 1.0000000000e+00 1.0455117203e+01 9.5800322511e+00 4.1871777831e+00 2.3257806326e+01 -4.0049075510e-01 9.1630079945e-01
-3.1173757484e-04 5.6890242544e-05 -8.8814416215e+00 3.2083416693e+01 -4.1707651429e+00 5.4818366601e+01 2.5123295332e+01 -3.8175502096e+01 2.5123295332e+01 3.8175502096e+01 1.0000000000e+00 8.6507836614e+00 8.2509540194e+00 2.5995799132e+00 2.3035315547e+01 -3.0050224523e-01 9.5378110728e-01
-3.1996711871e-04 5.5387732760e-05 3.7264071557e+01 2.2993024711e+01 -4.6118604053e+00 5.5568857028e+01 4.8408800139e+01 -1.5756588988e+01 4.8408800139e+01 1.5756588988e+01 1.0000000000e+00 1.2713044947e+01 1.2670518944e+01 1.0389713726e+00 2.2642039465e+01 -8.1724824925e-02 9.9665493175e-01
-3.2514390853e-04 5.4585289493e-05 4.1026739449e+01 2.7314372779e+01 9.7203464042e-01 5.8811614961e+01 5.4954288774e+01 -1.2955514684e+01 5.4954288774e+01 1.2955514680e+01 1.0000000000e+00 1.5979703569e+01 1.5553292919e+01 3.6668795331e+00 2.2890711444e+01 -2.2947106104e-01 9.7331548439e-01
-3.3064425374e-04 5.2503903515e-05 4.7839294620e+01 3.8803095023e+01 1.2734514298e+01 7.3605322736e+01 7.2782957355e+01 -1.2209148436e+01 7.2782957355e+01 1.2209148461e+01 1.0000000000e+00 1.5946126479e+01 1.4482292857e+01 6.6739900576e+00 2.3484939156e+01 -4.1853362109e-01 9.0820130368e-01
-3.3606183407e-04 4.9892486309e-05 4.6456720188e+01 4.1312233680e+01 1.6715969646e+01 7.6056011327e+01 7.5497303530e+01 -1.2324613696e+01 7.5497303530e+01 1.2324613569e+01 1.0000000000e+00 1.5049915069e+01 1.3408859186e+01 6.8339182688e+00 2.3599144981e+01 -4.5408351060e-01 8.9095912667e-01
-3.4144135295e-04 4.6920649966e-05 4.8043621493e+01 4.5315677668e+01 2.2135169066e+01 8.1596439936e+01 8.2199121842e+01 -1.2020331283e+01 8.2199121842e+01 1.2020331730e+01 1.0000000000e+00 1.3429850329e+01 1.1549498976e+01 6.8534628670e+00 2.3765319210e+01 -5.1031565499e-01 8.5998716983e-01
-3.4680921151e-04 4.3645956212e-05 5.0418846459e+01 4.9416192232e+01 2.7527875737e+01 8.7834744815e+01 8.9684774661e+01 -1.1738052465e+01 8.9684774661e+01 1.1738052500e+01 1.0000000000e+00 1.2655745187e+01 1.0721993917e+01 6.7235952207e+00 2.3823329802e+01 -5.3126822018e-01 8.4720368167e-01
-3.5758940812e-04 3.6264753136e-05 5.8431823163e+01 5.9994381697e+01 4.0815065539e+01 1.0498180117e+02 1.1023471552e+02 -1.0987826817e+01 1.1023471552e+02 1.0987913772e+01 1.0000000000e+00 1.0453575180e+01 8.4986851490e+00 6.0868370096e+00 2.3942841783e+01 -5.8227323234e-01 8.1299316288e-01
-3.6855236975e-04 2.7747852223e-05 7.2059782074e+01 7.6166291420e+01 6.0430807923e+01 1.3226394541e+02 1.4260791949e+02 -1.0117329490e+01 1.4260791949e+02 1.0121370548e+01 1.0000000000e+00 7.6187593524e+00 5.8858502865e+00 4.8375882911e+00 2.4014469730e+01 -6.3495748682e-01 7.7254707942e-01
-3.7987223451e-04 1.7899866337e-05 9.8465779679e+01 1.0628432451e+02 9.5830921286e+01 1.8393640214e+02 2.0334408177e+02 -9.0473808082e+00 2.0334408177e+02 9.0822715770e+00 1.0000000000e+00 4.7043017055e+00 3.4627862896e+00 3.1842684637e+00 2.3993182078e+01 -6.7688440560e-01 7.3608932980e-01
6.3312222638e-05 1.3850549687e-04 -5.0395749251e+01 -2.1380049732e+01 -4.9203327428e+01 3.6408441876e+01 -2.8779114622e+01 -7.0819962057e+01 7.8462535036e-02 7.0822441275e+01 1.0000000000e+00 4.9460917265e+00 4.4226825605e+00 2.2144304767e+00 2.0795533644e+01 -4.4771318429e-01 8.9417722215e-01
8.3371552171e-05 1.5139982136e-04 4.2129978808e+00 -1.4968572495e+00 -1.9435164442e+01 2.0509099247e+01 4.2298506906e+00 -1.9452017252e+01 3.7910789651e+00 1.9449783617e+01 1.0000000000e+00 2.6539072812e+01 2.4989935636e+01 8.9345118868e+00 2.0176748807e+01 -3.3665501240e-01 9.4162805960e-01
1.8310415234e-04 1.6372278074e-04 4.5623790383e+00 -5.2652300693e+00 -1.2074523477e+01 1.7049027042e+01 6.0871881327e+00 -1.3599332571e+01 6.0871829162e+00 1.3599332571e+01 1.0000000000e+00 3.0058083216e+01 2.9854834598e+01 -3.4895870394e+00 1.7153311108e+01 1.1609479601e-01 9.9323813778e-01
3.0454412952e-04 1.1934761396e-04 -3.3060415745e+00 -8.1762249665e+00 -5.2069437300e+00 1.4255481864e+01 3.9739136394e+00 -1.2486898944e+01 3.9739136394e+00 1.2486898944e+01 1.0000000000e+00 2.0109533267e+01 1.6834536753e+01 -1.0999622745e+01 1.4454835274e+01 5.4698548192e-01 8.3714209222e-01
3.6030136519e-04 6.8192167085e-05 -5.9695985681e+00 -1.0117312950e+01 5.1261862966e+00 1.9980526431e+01 1.1114056178e+01 -1.1957468449e+01 1.1114056178e+01 1.1957468449e+01 1.0000000000e+00 8.5907913711e+00 5.1003103261e+00 -6.9129249207e+00 1.3590577762e+01 8.0469011783e-01 5.9369505157e-01
5.2222086536e-05 1.3499799716e-04 -5.8250847916e+01 -1.6212050672e+01 -3.9387396937e+01 3.2401901707e+01 -3.0111875754e+01 -6.7526369100e+01 2.3848822361e-05 6.7526369877e+01 1.0000000000e+00 8.8566286704e+00 8.6128706119e+00 2.0635724429e+00 2.0129996712e+01 -2.3299751177e-01 9.7247733110e-01
7.1318950366e-05 1.4361369001e-04 -2.2206293043e+00 -3.5118796460e+00 1.1895986426e+01 1.1357944280e+01 1.1395190749e+01 -1.7198336268e+00 1.8606158915e+01 7.0668704688e+00 0.0000000000e+00 nan nan nan nan nan nan
2.0094816294e-04 1.6048607371e-04 2.8637165343e+00 -5.7969296419e+00 -1.1426483044e+01 1.5933632537e+01 4.9179037798e+00 -1.3480670289e+01 4.9179091183e+00 1.3480670289e+01 1.0000000000e+00 2.8753147529e+01 2.8248942375e+01 -5.3610397757e+00 1.6666683570e+01 1.8645053625e-01 9.8246434924e-01
3.7078528139e-04 5.2813185504e-05 -6.2844265100e+00 -1.0845889269e+01 9.7555649306e+00 2.3354216438e+01 1.5219132357e+01 -1.1747993937e+01 1.5219132357e+01 1.1747993960e+01 1.0000000000e+00 5.8751625279e+00 3.1109532141e+00 -4.9839246412e+00 1.3583090757e+01 8.4830413074e-01 5.2950930282e-01
-3.5418064967e-04 3.5853020744e-05 5.6590331113e+01 5.4423623532e+01 3.1857328469e+01 9.6635026869e+01 1.0001608857e+02 -1.1568428985e+01 1.0001608857e+02 1.1568409348e+01 1.0000000000e+00 1.0453575180e+01 8.4986851490e+00 6.0868370096e+00 2.3942841783e+01 -5.8227323234e-01 8.1299316288e-01
2.3162407322e-04 1.5289341076e-04 6.6143379658e-01 -6.5140328692e+00 -1.0139704539e+01 1.4654492119e+01 3.7216395984e+00 -1.3199910341e+01 3.7216395691e+00 1.3199910341e+01 1.0000000000e+00 2.6716195617e+01 2.5568764381e+01 -7.7455404133e+00 1.5962841515e+01 2.8991928807e-01 9.5705109916e-01
2.8894609856e-04 1.2915817220e-04 -2.5131041955e+00 -7.7742592156e+00 -6.6340406593e+00 1.3929370212e+01 3.4685532142e+00 -1.2615698069e+01 3.4685532142e+00 1.2615698069e+01 1.0000000000e+00 2.2114606950e+01 1.9385531104e+01 -1.0642228355e+01 1.4797807806e+01 4.8123072587e-01 8.7659397013e-01
3.6611171410e-05 1.3236268022e-04 -5.3986706978e+01 -9.4661404618e+00 -3.4861865064e+01 2.3218911835e+01 -3.1018841023e+01 -5.7829731019e+01 -2.0445897488e-08 5.7829731020e+01 1.0000000000e+00 1.1798711267e+01 1.1689359774e+01 1.6026402034e+00 1.9902556240e+01 -1.3583180122e-01 9.9073191216e-01
6.7320345769e-05 1.4035271987e-04 -3.6436965645e+01 -1.0383346040e+01 -4.9641916035e+01 1.6789469571e+01 -3.3346036064e+01 -5.2732845617e+01 3.4825428762e-01 5.2642557646e+01 1.0000000000e+00 7.7137117062e+00 4.7980440583e+00 6.0398776064e+00 2.1443626718e+01 -7.8300535936e-01 6.2201495739e-01
1.0525703234e-04 1.5787236515e-04 2.9636841785e+00 -2.2880868277e+00 -1.7897673149e+01 1.8495604510e+01 3.2114477575e+00 -1.8145436728e+01 3.1904395886e+00 1.8145437057e+01 1.0000000000e+00 2.6177183164e+01 2.5646259317e+01 5.2454076537e+00 1.9365367616e+01 -2.0038090503e-01 9.7971806807e-01
2.1004594682e-04 1.5922372149e-04 2.2649143066e+00 -5.9980688691e+00 -1.1059512915e+01 1.5525182052e+01 4.5661687327e+00 -1.3360767341e+01 4.5661688011e+00 1.3360767341e+01 1.0000000000e+00 2.8247991386e+01 2.7600051218e+01 -6.0154958312e+00 1.6482140677e+01 2.1295304679e-01 9.7706243396e-01
2.6864895405e-04 1.3999542518e-04 -1.4210603403e+00 -7.2912115471e+00 -8.1085807131e+00 1.3892456759e+01 3.2559931231e+00 -1.2785634176e+01 3.2559931231e+00 1.2785634176e+01 1.0000000000e+00 2.3842583181e+01 2.1674657755e+01 -9.9336792743e+00 1.5165634842e+01 4.1663603306e-01 9.0907338315e-01
2.9665631213e-04 1.2472842288e-04 -2.9043361539e+00 -7.9589406891e+00 -5.9675147261e+00 1.4037109985e+01 3.6684037883e+00 -1.2540254668e+01 3.6684037883e+00 1.2540254668e+01 1.0000000000e+00 2.0951657988e+01 1.7889185061e+01 -1.0906375672e+01 1.4589792778e+01 5.2054952780e-01 8.5383147582e-01
3.9066141712e-04 1.2605785026e-05 -1.0363185580e+00 -1.9456447781e+01 3.4894835081e+01 4.5619738672e+01 4.3267826664e+01 -9.4093101412e+00 4.3267826664e+01 9.2586515041e+00 1.0000000000e+00 3.5851921720e-02 1.3365830423e-02 -3.3267324330e-02 1.3967530657e+01 9.2790909760e-01 3.7280652702e-01
-2.0133738884e-04 4.0425984412e-05 9.8306527951e+01 3.4792211376e+01 -3.3133872922e+01 1.2879493905e+02 1.0694612024e+02 -4.1773465213e+01 1.0694612024e+02 4.1773465213e+01 0.0000000000e+00 nan nan nan nan nan nan
-1.7934865416e-04 4.1488020929e-05 9.7564131689e+01 2.8498009855e+01 -3.7076063013e+01 1.2661677332e+02 1.0334626249e+02 -4.2858193820e+01 1.0334626249e+02 4.2858193820e+01 0.0000000000e+00 nan nan nan nan nan nan
1.1296353496e-04 6.6341814166e-05 1.6973426343e+01 -3.3445293811e+00 -2.2613086229e+01 3.4772020420e+01 1.7255805407e+01 -2.2895465292e+01 1.7255805144e+01 2.2895465292e+01 0.0000000000e+00 nan nan nan nan nan nan
1.3464642375e-04 6.8694422451e-05 1.0850305889e+01 -3.4426403077e+00 -2.0249672721e+01 2.7583771393e+01 1.1225814423e+01 -2.0625181255e+01 1.1225819522e+01 2.0625181255e+01 0.0000000000e+00 nan nan nan nan nan nan
-1.5611022391e-04 4.0974946614e-05 1.0006417617e+02 2.2243997537e+01 -4.0494776731e+01 1.2767755095e+02 1.0349936813e+02 -4.3929968699e+01 1.0349936813e+02 4.3929968700e+01 0.0000000000e+00 nan nan nan nan nan nan
2.7000486857e-04 6.7232339111e-05 -2.8268983211e+00 -7.0715059553e+00 -1.1214728571e+01 1.4238621855e+01 1.1998587151e+00 -1.5241485607e+01 1.1999453292e+00 1.5241485607e+01 0.0000000000e+00 nan nan nan nan nan nan
1.7885342717e-04 1.2295138997e-04 -5.9038203381e+00 -3.1802531757e+00 -1.4399562233e+01 9.1883811415e+00 -4.8467769602e+00 -1.5456605611e+01 2.6558674524e-05 1.5456605611e+01 0.0000000000e+00 nan nan nan nan nan nan
1.5635435497e-04 1.2181398761e-04 -8.8905463179e+00 -9.8351155008e-01 -1.6889172565e+01 7.1334163551e+00 -8.7713795884e+00 -1.7008339294e+01 -2.4671005586e-06 1.7008339294e+01 0.0000000000e+00 nan nan nan nan nan nan
6.7151640529e-05 9.4361866362e-05 6.0914993501e+00 2.2103804387e+00 -2.2240364907e+01 2.4839046171e+01 6.2663972148e+00 -2.2415262771e+01 6.2663589594e+00 2.2415262771e+01 0.0000000000e+00 nan nan nan nan nan nan
-2.0225915196e-04 6.7656275425e-05 3.4942720850e+01 2.8275820039e+01 -2.6934013384e+01 7.2592353369e+01 4.5915568492e+01 -3.7906861026e+01 4.5915568492e+01 3.7906861026e+01 0.0000000000e+00 nan nan nan nan nan nan
-2.2322611913e-04 4.1574988071e-05 9.0788284591e+01 4.0541602852e+01 -2.7143608037e+01 1.2393875151e+02 1.0337840982e+02 -3.9733733269e+01 1.0337840982e+02 3.9733733269e+01 0.0000000000e+00 nan nan nan nan nan nan
2.4485549460e-04 4.1501040517e-05 8.4134267711e+00 -9.4129674259e+00 -1.3491183184e+01 2.5048402605e+01 1.1922823781e+01 -1.7000580193e+01 1.1962320693e+01 1.7000580193e+01 0.0000000000e+00 nan nan nan nan nan nan
2.9001647326e-04 9.6820846919e-05 -2.9111677517e+00 -8.5919095802e+00 -7.1633919006e+00 1.5329432552e+01 3.8131721843e+00 -1.3887731837e+01 3.8131721818e+00 1.3887731837e+01 0.0000000000e+00 nan nan nan nan nan nan
2.0133272019e-04 9.3812104486e-05 -5.8983128855e+00 -2.7961299053e+00 -1.5065530290e+01 9.2953778889e+00 -5.1152326612e+00 -1.5848610514e+01 -4.0102359967e-06 1.5848610514e+01 0.0000000000e+00 nan nan nan nan nan nan
3.3532398160e-04 6.7360142933e-05 -3.4994433434e+00 -1.1109253145e+01 -7.5697452265e-01 1.9384476830e+01 9.0634239829e+00 -1.3319841849e+01 9.0634239829e+00 1.3319841849e+01 0.0000000000e+00 nan nan nan nan nan nan
2.3809072733e-05 6.8086614370e-05 4.4595458478e+01 -7.3862835668e+00 -2.7518350190e+01 6.3748901335e+01 4.5343999491e+01 -2.8266891203e+01 4.5343999491e+01 2.8266891203e+01 0.0000000000e+00 nan nan nan nan nan nan
-3.1409594238e-04 1.5132231238e-05 1.3987127729e+02 6.1870451233e+01 7.3612501359e+00 1.5701178244e+02 1.6426705857e+02 -1.7034531142e+01 1.6426705857e+02 1.7034531142e+01 0.0000000000e+00 nan nan nan nan nan nan
1.7858047711e-04 9.3931501414e-05 -6.8622587795e+00 -1.1766966664e+00 -1.6870209947e+01 8.9069677550e+00 -6.7237941321e+00 -1.7008674594e+01 -4.3126430138e-05 1.7008674594e+01 0.0000000000e+00 nan nan nan nan nan nan
-1.5665942363e-04 9.4344939721e-05 8.9767403681e+00 1.5458800578e+01 -2.9592030007e+01 4.2806547129e+01 1.4406726689e+01 -3.5022016327e+01 1.4406736807e+01 3.5022016327e+01 0.0000000000e+00 nan nan nan nan nan nan
6.8287899021e-05 1.2201773269e-04 -9.4700408861e+00 6.6034499560e+00 -1.7329741692e+01 1.3281659352e+01 -5.7317216873e+00 -2.1068060891e+01 -1.9151243838e-01 2.1068053799e+01 0.0000000000e+00 nan nan nan nan nan nan
1.5749821208e-04 1.4852440476e-04 -1.6032530556e+00 -3.9515078154e+00 -1.4069505468e+01 1.2780883085e+01 -4.5733297246e-01 -1.5215425552e+01 -1.2163648092e-01 1.5215425552e+01 0.0000000000e+00 nan nan nan nan nan nan
4.5587507524e-05 6.6952547058e-05 3.7680432200e+01 -6.6988007613e+00 -2.1957575117e+01 5.2936569445e+01 3.8424371161e+01 -2.2701514078e+01 3.8424371161e+01 2.2701514078e+01 0.0000000000e+00 nan nan nan nan nan nan
2.6688112814e-04 9.5661032723e-05 -2.9573644712e+00 -7.4970227181e+00 -9.5904290225e+00 1.4198268864e+01 1.9234776041e+00 -1.4471271098e+01 1.9235131176e+00 1.4471271098e+01 0.0000000000e+00 nan nan nan nan nan nan
2.9201528713e-04 3.8831089095e-05 -1.6673545979e+00 -8.2303480187e+00 -1.1016187641e+01 1.6391875824e+01 3.1220827998e+00 -1.5805625039e+01 3.1220830802e+00 1.5805625039e+01 0.0000000000e+00 nan nan nan nan nan nan
1.5646196084e-04 9.3574280271e-05 -5.2447560614e+00 -1.5067930398e+00 -1.6814270235e+01 1.0358077850e+01 -5.0492741133e+00 -1.7009752184e+01 2.5094438666e-03 1.7009752184e+01 0.0000000000e+00 nan nan nan nan nan nan
-2.4592173818e-04 6.8385085479e-05 1.2747881550e+01 3.0978476397e+01 -1.7996863876e+01 5.9891911862e+01 3.1954120273e+01 -3.7203102599e+01 3.1954120273e+01 3.7203102599e+01 0.0000000000e+00 nan nan nan nan nan nan
8.8857355846e-05 4.0888371203e-05 6.2105789392e+01 -1.5048533142e+01 -2.0141326980e+01 7.5849671517e+01 6.4774059475e+01 -2.2809597062e+01 6.4774059474e+01 2.2809597062e+01 0.0000000000e+00 nan nan nan nan nan nan
1.1317293782e-04 4.1593436702e-05 4.7099631762e+01 -1.1474310876e+01 -2.1005171678e+01 6.2240986285e+01 4.8982080228e+01 -2.2887620145e+01 4.8982080228e+01 2.2887620145e+01 0.0000000000e+00 nan nan nan nan nan nan
2.2328949524e-04 6.7780008874e-05 -4.6275484869e+00 -3.3098894500e+00 -1.5343959722e+01 1.0905007321e+01 -3.6897451920e+00 -1.6281763017e+01 5.1309140391e-03 1.6281763017e+01 0.0000000000e+00 nan nan nan nan nan nan
1.8022519315e-04 1.3541806701e-05 8.0518428257e+01 -2.3248605937e+01 -1.4956565260e+01 9.1971315088e+01 8.5880595023e+01 -2.0318732025e+01 8.5880595023e+01 2.0318732025e+01 0.0000000000e+00 nan nan nan nan nan nan
1.5721350191e-04 1.4334903451e-05 1.0227278137e+02 -2.5532762143e+01 -1.6508754435e+01 1.1197585560e+02 1.0753130384e+02 -2.1767276905e+01 1.0753130384e+02 2.1767276905e+01 0.0000000000e+00 nan nan nan nan nan nan
1.3368177629e-04 1.3354230086e-05 1.4643992667e+02 -3.4199320206e+01 -1.6037497695e+01 1.5267267580e+02 1.5334682496e+02 -2.2944395987e+01 1.5334682496e+02 2.2944395987e+01 0.0000000000e+00 nan nan nan nan nan nan
2.9055275672e-04 1.5059583872e-05 2.1180706223e+01 -1.9669904109e+01 -7.0146286268e+00 4.1914617447e+01 3.1282454464e+01 -1.7116376868e+01 3.1282454316e+01 1.7116376868e+01 0.0000000000e+00 nan nan nan nan nan nan
2.7067301928e-04 1.4430386344e-05 2.4316714446e+01 -1.9451237809e+01 -1.0472621644e+01 4.5192006044e+01 3.3013663256e+01 -1.9169570454e+01 3.3013662654e+01 1.9169570454e+01 0.0000000000e+00 nan nan nan nan nan nan
2.7039798855e-04 1.2235867513e-04 -2.2647648727e+00 -7.6946988111e+00 -8.2476194707e+00 1.4298630729e+01 2.9991261286e+00 -1.3511510472e+01 2.9991261158e+00 1.3511510472e+01 0.0000000000e+00 nan nan nan nan nan nan
-7.7358275601e-07 1.3547314914e-05 1.7571046486e+02 -1.0193723813e+01 -4.3770510611e+01 1.9089364897e+02 1.7618247674e+02 -4.4242522491e+01 1.7618247674e+02 4.4242522491e+01 0.0000000000e+00 nan nan nan nan nan nan
-2.3712195887e-05 1.3441268056e-05 1.7428805543e+02 -5.8053250732e+00 -4.7696526731e+01 1.9250652577e+02 1.7443945882e+02 -4.7847930124e+01 1.7443945882e+02 4.7847930124e+01 0.0000000000e+00 nan nan nan nan nan nan
2.0001557107e-04 1.4826800459e-04 2.6292527160e-01 -5.9541733967e+00 -1.1725065719e+01 1.4632561312e+01 2.7170429888e+00 -1.4179183436e+01 2.7168313745e+00 1.4179183436e+01 0.0000000000e+00 nan nan nan nan nan nan
1.8063006527e-04 1.4955493980e-04 1.8941984810e-01 -5.3772976339e+00 -1.2575904005e+01 1.4454411523e+01 2.1520163053e+00 -1.4538500463e+01 2.1455800835e+00 1.4538500463e+01 0.0000000000e+00 nan nan nan nan nan nan
3.1233045263e-04 9.3829767868e-05 -3.4628848502e+00 -9.3075049822e+00 -4.4315432215e+00 1.6141269337e+01 5.3719521607e+00 -1.3266380232e+01 5.3719521607e+00 1.3266380232e+01 0.0000000000e+00 nan nan nan nan nan nan
-1.8008245476e-04 9.4586361937e-05 3.6065850976e+00 1.7657119952e+01 -2.7253834890e+01 4.0612677517e+01 1.1624115401e+01 -3.5271365193e+01 1.1624117579e+01 3.5271365193e+01 0.0000000000e+00 nan nan nan nan nan nan
2.2556829780e-05 1.2172219583e-04 -3.1021864084e+01 -7.3966354152e+00 -3.5058761082e+01 1.3206090268e+01 -2.5415772812e+01 -4.0664852354e+01 -2.2677590930e-06 4.0664852354e+01 0.0000000000e+00 nan nan nan nan nan nan
-1.1139596024e-04 9.5768492443e-05 1.1855975577e+01 8.8100370036e+00 -3.2939430728e+01 4.1685375850e+01 1.3525335393e+01 -3.4608790543e+01 1.3525334921e+01 3.4608790543e+01 0.0000000000e+00 nan nan nan nan nan nan
8.9574584321e-05 1.2323492937e-04 -1.0571177051e+01 4.6934985790e+00 -2.0327239272e+01 1.1754551314e+01 -8.6627147963e+00 -2.2235701527e+01 1.3953021333e-05 2.2235706764e+01 0.0000000000e+00 nan nan nan nan nan nan
4.5671055756e-05 1.2334761644e-04 -2.7697618084e+01 -6.9874903805e+00 -3.6742320098e+01 1.4276507374e+01 -2.3977423716e+01 -4.0462514467e+01 -2.8636108283e-05 4.0462514466e+01 0.0000000000e+00 nan nan nan nan nan nan
2.1803857155e-05 9.5922478982e-05 9.1513394000e+00 -4.4220270366e+00 -3.2883602451e+01 3.7197751303e+01 9.6100002027e+00 -3.3342263254e+01 9.6140787865e+00 3.3342263254e+01 0.0000000000e+00 nan nan nan nan nan nan
5.9999854754e-07 9.5312425726e-05 9.0035987784e+00 -6.5306854798e+00 -3.5689198989e+01 4.0323051183e+01 9.9377243495e+00 -3.6623324561e+01 9.9417029764e+00 3.6623324561e+01 0.0000000000e+00 nan nan nan nan nan nan
3.1436963168e-04 1.3208184102e-05 -1.6913580414e+00 -9.9428229058e+00 -1.0015414158e+01 1.8667820485e+01 4.9244850826e+00 -1.6631257282e+01 4.9244850825e+00 1.6631257282e+01 0.0000000000e+00 nan nan nan nan nan nan
2.2473180478e-04 9.6643247038e-05 -4.4310766949e+00 -4.8479592360e+00 -1.2934202681e+01 1.1167052126e+01 -2.2353391372e+00 -1.5129940239e+01 2.5188842020e-05 1.5129940239e+01 0.0000000000e+00 nan nan nan nan nan nan
-2.6852441198e-04 4.1173652827e-05 7.3313891458e+01 4.6079271938e+01 -9.9660041558e+00 1.0756530846e+02 9.3776803447e+01 -3.0428916145e+01 9.3776803447e+01 3.0428916145e+01 0.0000000000e+00 nan nan nan nan nan nan
-3.3652816718e-04 3.8880214291e-05 4.3090782594e+01 3.2080078529e+01 2.2873727114e+00 6.5814255515e+01 6.0686955791e+01 -1.5308800486e+01 6.0686955791e+01 1.5308800445e+01 0.0000000000e+00 nan nan nan nan nan nan
3.5814926191e-04 1.1808494237e-05 6.9954608142e-01 -1.4168172712e+01 4.1828511422e+00 2.4721837040e+01 1.6714357882e+01 -1.1831960658e+01 1.6714357882e+01 1.1831963767e+01 0.0000000000e+00 nan nan nan nan nan nan
1.1149874133e-04 1.2230262091e-04 -1.0134830115e+01 3.5228531845e-01 -1.7268399103e+01 6.1929696796e+00 -1.0126101897e+01 -1.7277127321e+01 -7.1687853409e-08 1.7277127321e+01 0.0000000000e+00 nan nan nan nan nan nan
1.3468317442e-04 1.4942296082e-04 -3.5480292010e+00 -2.0400620075e+00 -1.6730858943e+01 1.1954225600e+01 -3.2376687036e+00 -1.7041219440e+01 -1.7631247367e-02 1.7041219440e+01 0.0000000000e+00 nan nan nan nan nan nan
-1.8013333599e-04 6.7758432526e-05 4.0882788921e+01 2.4467280768e+01 -3.0723467869e+01 7.5107672930e+01 4.8443095711e+01 -3.8283774658e+01 4.8443095711e+01 3.8283774658e+01 0.0000000000e+00 nan nan nan nan nan nan
1.8119862983e-04 6.7554243866e-05 3.0380065321e+00 -5.2442779846e+00 -1.5651239828e+01 1.8567776267e+01 4.4134939780e+00 -1.7026727274e+01 4.4666506291e+00 1.7026727274e+01 0.0000000000e+00 nan nan nan nan nan nan
-4.4474352252e-05 4.2015451955e-05 1.0031366678e+02 -2.8110072537e+00 -4.4477368146e+01 1.2548659855e+02 1.0036787077e+02 -4.4531572132e+01 1.0036787077e+02 4.4531572132e+01 0.0000000000e+00 nan nan nan nan nan nan
-6.6922627283e-05 4.0262715999e-05 1.0380176302e+02 1.5280139255e+00 -4.5603422733e+01 1.2941504335e+02 1.0381698026e+02 -4.5618639971e+01 1.0381698026e+02 4.5618639971e+01 0.0000000000e+00 nan nan nan nan nan nan
-8.9279049317e-05 4.1969291359e-05 9.9438835557e+01 6.1732447030e+00 -4.5055303583e+01 1.2559070838e+02 9.9701595278e+01 -4.5318063304e+01 9.9701595278e+01 4.5318063304e+01 0.0000000000e+00 nan nan nan nan nan nan
-2.1872034375e-05 4.0599018794e-05 1.0349583437e+02 -6.7209907021e+00 -4.2506247757e+01 1.2697570746e+02 1.0380425219e+02 -4.2814665576e+01 1.0380425219e+02 4.2814665576e+01 0.0000000000e+00 nan nan nan nan nan nan
-6.6033318481e-05 9.4849112591e-05 1.2326599305e+01 1.1045298515e+00 -3.5335950043e+01 4.1320091769e+01 1.2351490737e+01 -3.5360841474e+01 1.2351741432e+01 3.5360841474e+01 0.0000000000e+00 nan nan nan nan nan nan
2.2248094190e-05 4.1876613351e-05 9.6711541126e+01 -1.4196726965e+01 -3.1210865396e+01 1.1347881227e+02 9.8267360675e+01 -3.2766684946e+01 9.8267360675e+01 3.2766684946e+01 0.0000000000e+00 nan nan nan nan nan nan
1.7953979823e-04 4.1064432106e-05 2.6341722412e+01 -1.0343146824e+01 -1.5614132986e+01 4.0511551372e+01 2.8753149802e+01 -1.8025560377e+01 2.8753149890e+01 1.8025560377e+01 0.0000000000e+00 nan nan nan nan nan nan
1.5693418196e-04 4.0338906271e-05 3.2318212155e+01 -9.9648573493e+00 -1.7951976405e+01 4.6831963155e+01 3.4221564409e+01 -1.9855328660e+01 3.4221564408e+01 1.9855328660e+01 0.0000000000e+00 nan nan nan nan nan nan
-2.4717667053e-04 1.4036845339e-05 2.0129265651e+02 5.0429500618e+01 -2.6787506178e+01 2.1596840518e+02 2.1194199203e+02 -3.7436841698e+01 2.1194199203e+02 3.7436841698e+01 0.0000000000e+00 nan nan nan nan nan nan
3.5386699526e-04 7.1025046687e-05 -5.4200256056e+00 -1.0332642249e+01 3.4464858556e+00 1.9470290768e+01 1.0254407741e+01 -1.2227947491e+01 1.0254407741e+01 1.2227947491e+01 0.0000000000e+00 nan nan nan nan nan nan
-2.4140221068e-04 8.1413645860e-05 -7.1593497192e+00 2.2736507184e+01 -1.9757690606e+01 4.0856038311e+01 1.0129724554e+01 -3.7046764880e+01 1.0129724554e+01 3.7046764880e+01 0.0000000000e+00 nan nan nan nan nan nan
-1.1189313573e-04 4.0431166083e-05 1.0240795663e+02 1.1302767487e+01 -4.4452160208e+01 1.2868141288e+02 1.0327214658e+02 -4.5316350153e+01 1.0327214658e+02 4.5316350153e+01 0.0000000000e+00 nan nan nan nan nan nan
1.1354528022e-04 1.4869890742e-04 -2.9158061910e+00 -1.8280141436e+00 -1.6987030970e+01 1.2593958498e+01 -2.6802932513e+00 -1.7222543909e+01 4.8802277916e-02 1.7222543816e+01 0.0000000000e+00 nan nan nan nan nan nan
-2.2335452158e-04 8.8790149671e-05 -5.9735680048e+00 2.0246255777e+01 -2.2615753300e+01 3.7907800613e+01 7.5914182361e+00 -3.6180739541e+01 7.5914182361e+00 3.6180739541e+01 1.0000000000e+00 1.6922533339e+01 1.6020647154e+01 5.4507797026e+00 2.2610436744e+01 -3.2210187407e-01 9.4670501357e-01
-2.6811348461e-04 1.2892806054e-05 2.1158987582e+02 6.0117458114e+01 -1.3061643277e+01 2.2065773228e+02 2.2666091741e+02 -2.8132684860e+01 2.2666091741e+02 2.8132684860e+01 0.0000000000e+00 nan nan nan nan nan nan
2.4752309256e-04 9.4992068591e-05 -3.4652719855e+00 -6.3268040199e+00 -1.1293158730e+01 1.2884832477e+01 5.9846141159e-02 -1.4818276857e+01 3.2426521540e-02 1.4818276857e+01 0.0000000000e+00 nan nan nan nan nan nan
3.1777875761e-04 1.0623837436e-04 -3.9283988800e+00 -8.7387263166e+00 -3.6674642176e+00 1.5135622807e+01 4.9406243531e+00 -1.2536487451e+01 4.9406243531e+00 1.2536487451e+01 0.0000000000e+00 nan nan nan nan nan nan
2.8950223819e-04 1.2278074265e-04 -2.6814939360e+00 -7.9967055997e+00 -6.6239606882e+00 1.4264229181e+01 3.5827292452e+00 -1.2888183869e+01 3.5827292452e+00 1.2888183869e+01 0.0000000000e+00 nan nan nan nan nan nan
-1.1260565589e-04 1.1428022728e-04 -5.9278820958e+00 8.5701230648e+00 -3.0355375040e+01 2.5840425775e+01 -3.2226517905e+00 -3.3060605345e+01 2.1471752160e-03 3.3060605345e+01 0.0000000000e+00 nan nan nan nan nan nan
-1.6771776019e-04 1.0370271384e-04 -2.6591137869e+00 1.4658958040e+01 -2.7777105745e+01 3.3431847140e+01 4.0837761800e+00 -3.4519995712e+01 4.0741202837e+00 3.4519995712e+01 0.0000000000e+00 nan nan nan nan nan nan
-1.4180756739e-04 1.1030567607e-04 -4.3680860381e+00 1.1661488802e+01 -2.9119275061e+01 2.9448371904e+01 2.5834489637e-01 -3.3745705995e+01 1.6284615804e-01 3.3745705995e+01 1.0000000000e+00 1.8939487096e+01 1.8575645492e+01 3.6945319064e+00 2.1609174563e+01 -1.9507032517e-01 9.8078925781e-01
-2.5282071600e-04 7.7760213137e-05 -9.4298749940e+00 2.3790635411e+01 -1.7654611551e+01 4.1799065549e+01 1.0590458474e+01 -3.7674945019e+01 1.0590458474e+01 3.7674945019e+01 1.0000000000e+00 1.5351882083e+01 1.4219750895e+01 5.7861012757e+00 2.2960950543e+01 -3.7689849651e-01 9.2625456724e-01
-2.5523337572e-04 7.6159861419e-05 -8.4346335716e+00 2.4616009640e+01 -1.6988763661e+01 4.3255978720e+01 1.2262152341e+01 -3.7685549574e+01 1.2262152341e+01 3.7685549574e+01 0.0000000000e+00 nan nan nan nan nan nan
-1.6311991199e-04 1.0582988204e-04 -3.6879809434e+00 1.3939606089e+01 -2.7996766116e+01 3.2029819599e+01 2.6500514377e+00 -3.4334798497e+01 2.6757127997e+00 3.4334798497e+01 1.0000000000e+00 1.8658685592e+01 1.8189059376e+01 4.1598878643e+00 2.1854993255e+01 -2.2294645803e-01 9.7483069138e-01
-2.9055415827e-04 6.0894706372e-05 -4.3390808102e+00 3.0139218738e+01 -7.9364530376e+00 5.2232009503e+01 2.4018397823e+01 -3.6293931671e+01 2.4018397823e+01 3.6293931671e+01 0.0000000000e+00 nan nan nan nan nan nan
-1.7056874010e-04 1.0422493508e-04 -3.7733686382e+00 1.4707702256e+01 -2.7522076844e+01 3.2737314510e+01 3.2531746038e+00 -3.4548620086e+01 3.2647812352e+00 3.4548620086e+01 1.0000000000e+00 1.8513893401e+01 1.7997517929e+01 4.3420729208e+00 2.1952865025e+01 -2.3453051321e-01 9.7210875851e-01
3.2111761568e-04 1.0328132593e-04 -4.0732332467e+00 -8.8685776719e+00 -3.2175168138e+00 1.5376685349e+01 5.2323583952e+00 -1.2523108456e+01 5.2323583952e+00 1.2523108456e+01 0.0000000000e+00 nan nan nan nan nan nan
3.4430916999e-04 8.0925859004e-05 -5.0183362725e+00 -9.8940403057e+00 9.4847753949e-01 1.7894738609e+01 8.2966027866e+00 -1.2366461520e+01 8.2966027866e+00 1.2366461520e+01 0.0000000000e+00 nan nan nan nan nan nan
-1.2504993833e-04 1.1284339711e-04 -5.1233994093e+00 9.9042742936e+00 -2.9863708723e+01 2.7444878117e+01 -1.6482462971e+00 -3.3338861835e+01 1.0894732088e-02 3.3338861835e+01 0.0000000000e+00 nan nan nan nan nan nan
-3.1191317813e-04 5.2602450798e-05 3.7853426654e+01 2.7720861121e+01 -4.5133512965e+00 6.0133974006e+01 5.1388403759e+01 -1.8048328401e+01 5.1388403758e+01 1.8048328401e+01 1.0000000000e+00 8.6507836614e+00 8.2509540194e+00 2.5995799132e+00 2.3035315547e+01 -3.0050224523e-01 9.5378110728e-01
-3.0629319416e-04 5.4147496271e-05 1.8142115205e+01 3.2395121520e+01 -4.8560707188e+00 5.9223316979e+01 4.0835620243e+01 -2.7549575757e+01 4.0835620243e+01 2.7549575757e+01 1.0000000000e+00 9.2583168255e+00 8.6641925238e+00 3.2631577270e+00 2.3165564347e+01 -3.5245690858e-01 9.3582804382e-01
-3.0356264443e-04 5.5121183856e-05 1.1867098649e+01 3.2517829676e+01 -5.0168333580e+00 5.8004231037e+01 3.6913891049e+01 -3.0063625758e+01 3.6913891049e+01 3.0063625758e+01 1.0000000000e+00 9.8748689447e+00 9.1231361917e+00 3.7790769645e+00 2.3224139474e+01 -3.8269641710e-01 9.2387415395e-01
-3.0087832733e-04 5.6148738187e-05 7.0966379285e+00 3.2313536974e+01 -5.4419870553e+00 5.6870541532e+01 3.3661547899e+01 -3.2006897026e+01 3.3661547899e+01 3.2006897026e+01 0.0000000000e+00 nan nan nan nan nan nan
-2.3904856108e-04 8.3526231549e-05 -8.5341580606e+00 2.1551615889e+01 -2.0281030878e+01 3.8681497281e+01 7.9251783987e+00 -3.6740367337e+01 7.9251783987e+00 3.6740367337e+01 1.0000000000e+00 1.6251945514e+01 1.5229932105e+01 5.6722924001e+00 2.2788727631e+01 -3.4902236137e-01 9.3711439604e-01
-2.8553352829e-04 6.3524630753e-05 -7.5607003800e+00 2.8805476317e+01 -9.4267189613e+00 4.9875028276e+01 2.0301651331e+01 -3.7289070672e+01 2.0301651331e+01 3.7289070672e+01 1.0000000000e+00 1.2413766851e+01 1.1267551260e+01 5.2099804252e+00 2.3250856623e+01 -4.1969375514e-01 9.0766577103e-01
-2.8305191596e-04 6.4850521357e-05 -8.7486626703e+00 2.8160290052e+01 -1.0175740615e+01 4.8754474229e+01 1.8686207178e+01 -3.7610610463e+01 1.8686207178e+01 3.7610610463e+01 1.0000000000e+00 1.2828437436e+01 1.1653624115e+01 5.3630077428e+00 2.3230332888e+01 -4.1805619503e-01 9.0842116763e-01
-2.6192210613e-04 7.3888575540e-05 -9.4583174839e+00 2.5236731626e+01 -1.5494382209e+01 4.4002369020e+01 1.2928429752e+01 -3.7881129445e+01 1.2928429752e+01 3.7881129445e+01 0.0000000000e+00 nan nan nan nan nan nan
-2.9589171403e-04 5.8758782285e-05 -1.4101588190e+00 3.1016766649e+01 -6.5953720099e+00 5.3804056451e+01 2.7061021061e+01 -3.5066551890e+01 2.7061021061e+01 3.5066551890e+01 1.0000000000e+00 1.0994726628e+01 1.0022456783e+01 4.5204395411e+00 2.3271769370e+01 -4.1114615162e-01 9.1156943894e-01
-2.4628108284e-04 8.0539885997e-05 -9.2976627057e+00 2.2713434190e+01 -1.9111143795e+01 4.0234138447e+01 9.0247874130e+00 -3.7433593913e+01 9.0247874130e+00 3.7433593913e+01 1.0000000000e+00 1.5832420500e+01 1.4748126241e+01 5.7583253876e+00 2.2878156475e+01 -3.6370467722e-01 9.3151430895e-01
3.0766801893e-04 1.1548229750e-04 -3.4674298248e+00 -8.3395459452e+00 -4.8740872607e+00 1.4494361469e+01 4.1975649534e+00 -1.2539082039e+01 4.1975649534e+00 1.2539082039e+01 0.0000000000e+00 nan nan nan nan nan nan
-3.1322668552e-04 4.1458561837e-05 4.8356379774e+01 3.1112335058e+01 -2.3362449246e+00 6.9558289842e+01 6.3169564790e+01 -1.7149429940e+01 6.3169564790e+01 1.7149429940e+01 0.0000000000e+00 nan nan nan nan nan nan
-3.3074116266e-04 4.6541526599e-05 3.5715621549e+01 2.8038308131e+01 2.7467709160e-02 5.7564397870e+01 5.1106365236e+01 -1.5363275977e+01 5.1106365236e+01 1.5363275968e+01 0.0000000000e+00 nan nan nan nan nan nan
-3.2487216864e-04 4.8644972725e-05 3.4528693464e+01 2.4958660641e+01 -4.6548337922e+00 5.4953634886e+01 4.6664425730e+01 -1.6790566058e+01 4.6664425730e+01 1.6790566061e+01 0.0000000000e+00 nan nan nan nan nan nan
5.0860653043e-05 1.3277470846e-04 -5.0911873790e+01 -1.3794776512e+01 -3.9181987902e+01 2.5832160314e+01 -3.0132726135e+01 -5.9961135557e+01 -2.2603355944e-05 5.9961135383e+01 0.0000000000e+00 nan nan nan nan nan nan
3.8115790837e-04 1.2716835480e-05 3.3569955791e+00 -1.8425358389e+01 2.0163004147e+01 3.5050967975e+01 3.1996685658e+01 -8.4766859326e+00 3.1996685658e+01 8.4720856912e+00 0.0000000000e+00 nan nan nan nan nan nan
2.0234998374e-04 4.1673565095e-05 2.2658907704e+01 -1.0902642794e+01 -1.4423828601e+01 3.7255249416e+01 2.5626867831e+01 -1.7391788728e+01 2.5626895517e+01 1.7391788728e+01 0.0000000000e+00 nan nan nan nan nan nan
-1.4885342535e-04 1.0837554736e-04 -3.5820707810e+00 1.2486996313e+01 -2.8823069291e+01 3.0748147285e+01 1.5498810765e+00 -3.3955021148e+01 1.5215626474e+00 3.3955021148e+01 0.0000000000e+00 nan nan nan nan nan nan
-1.8666217424e-04 9.9978844738e-05 -3.8637018967e+00 1.6464776723e+01 -2.6360236981e+01 3.4533711685e+01 4.8260782988e+00 -3.5050017176e+01 4.8260848451e+00 3.5050017176e+01 1.0000000000e+00 1.8166496862e+01 1.7549342887e+01 4.6949092102e+00 2.2145134698e+01 -2.5843778499e-01 9.6602790399e-01
-3.5698922120e-04 1.3540486384e-05 6.3076651522e+01 4.0498738272e+01 5.4574454522e+00 8.6052268742e+01 8.3949349010e+01 -1.5415252036e+01 8.3949349010e+01 1.5415295726e+01 0.0000000000e+00 nan nan nan nan nan nan
3.3570265342e-04 4.0503710026e-05 -1.2939493026e+00 -1.2551195820e+01 -2.0616502397e+00 2.1745299675e+01 1.0876854850e+01 -1.4232454392e+01 1.0876854850e+01 1.4232454392e+01 0.0000000000e+00 nan nan nan nan nan nan
-1.1792607870e-04 1.1480966034e-04 -6.4686077017e+00 9.1144882242e+00 -3.0037617622e+01 2.5800106563e+01 -3.3574141929e+00 -3.3148811131e+01 2.1388209435e-03 3.3148811131e+01 1.0000000000e+00 1.9116063749e+01 1.8858189636e+01 3.1293093389e+00 2.1309837767e+01 -1.6370050759e-01 9.8651008298e-01
-1.0566916321e-04 1.1624645823e-04 -7.5688152410e+00 7.8257198161e+00 -3.0466612412e+01 2.4015454606e+01 -5.1523846450e+00 -3.2883043008e+01 7.9438758745e-04 3.2883043008e+01 0.0000000000e+00 nan nan nan nan nan nan
-1.0830884896e-04 1.1646451183e-04 -7.7194911534e+00 8.1082208821e+00 -3.0324874423e+01 2.4089288353e+01 -5.1142256727e+00 -3.2930139903e+01 9.7249163973e-05 3.2930139903e+01 1.0000000000e+00 1.9131653394e+01 1.8918313528e+01 2.8491358044e+00 2.1159209525e+01 -1.4892261248e-01 9.8884885371e-01
5.4631425348e-05 1.3495057215e-04 -5.5013176250e+01 -1.6653588402e+01 -4.0813629245e+01 3.1165582863e+01 -2.9919945092e+01 -6.5906860403e+01 -2.9254820097e-04 6.5906860482e+01 1.0000000000e+00 7.8290600393e+00 7.5179996356e+00 2.1849170644e+00 2.0263272993e+01 -2.7907782715e-01 9.6026848662e-01
9.0246822723e-05 1.4845891363e-04 -3.5208595479e+00 -3.2834736154e+00 -1.9267512569e+01 1.4751370487e+01 -2.8774783365e+00 -1.9910893780e+01 -1.3283043610e-01 1.9912413478e+01 0.0000000000e+00 nan nan nan nan nan nan
-3.6504186985e-04 2.5351973035e-05 7.1529887418e+01 6.5956209641e+01 4.1665172800e+01 1.1706337396e+02 1.2418410058e+02 -1.0989040361e+01 1.2418410058e+02 1.0989927519e+01 1.0000000000e+00 7.6187593524e+00 5.8858502865e+00 4.8375882911e+00 2.4014469730e+01 -6.3495748682e-01 7.7254707942e-01
-3.5065853662e-04 3.5382062473e-05 5.3933622008e+01 4.8549729413e+01 2.3464247621e+01 8.8091072498e+01 8.9558339234e+01 -1.2160469605e+01 8.9558339234e+01 1.2160461873e+01 0.0000000000e+00 nan nan nan nan nan nan
-3.4470407995e-04 3.8816186584e-05 4.8268840574e+01 4.2560420484e+01 1.6840197703e+01 7.8525776768e+01 7.7891397494e+01 -1.2782359217e+01 7.7891397494e+01 1.2782360355e+01 0.0000000000e+00 nan nan nan nan nan nan
-3.7681805634e-04 1.2884374962e-05 9.1603689858e+01 7.8843121726e+01 5.0946089042e+01 1.4098179976e+02 1.5267076949e+02 -1.0120990592e+01 1.5267076949e+02 1.0086282277e+01 0.0000000000e+00 nan nan nan nan nan nan
-3.6779971943e-04 2.0819366348e-05 7.6629339288e+01 6.6833394010e+01 3.9708399799e+01 1.2004984302e+02 1.2747967872e+02 -1.1141939638e+01 1.2747967872e+02 1.1141963910e+01 0.0000000000e+00 nan nan nan nan nan nan
-1.8177005496e-04 1.0148407083e-04 -3.9536456953e+00 1.5883715069e+01 -2.6733924257e+01 3.3850893063e+01 4.2000372461e+00 -3.4887607198e+01 4.2001467682e+00 3.4887607198e+01 1.0000000000e+00 1.8261272834e+01 1.7670181104e+01 4.6085556612e+00 2.2097559013e+01 -2.5236771297e-01 9.6763140578e-01
3.8188424032e-04 3.1224469694e-05 -5.6675444584e+00 -1.2848212989e+01 1.8826100425e+01 3.0715739967e+01 2.4313018722e+01 -1.1154462755e+01 2.4313018722e+01 1.1154573931e+01 1.0000000000e+00 2.2243390668e+00 9.6111591435e-01 -2.0059761921e+00 1.3711519484e+01 9.0183022096e-01 4.3209056061e-01
-2.8806186704e-04 6.2254452254e-05 -6.3019505179e+00 2.9408084899e+01 -8.6866280116e+00 5.0923929670e+01 2.1906655239e+01 -3.6895233768e+01 2.1906655239e+01 3.6895233768e+01 1.0000000000e+00 1.1971479534e+01 1.0866862426e+01 5.0227107471e+00 2.3265657760e+01 -4.1955639090e-01 9.0772927399e-01
-2.6910858117e-04 6.8771811336e-05 -5.1576269039e+00 2.8019062789e+01 -1.3320836793e+01 4.9025361878e+01 1.9065574030e+01 -3.7544037726e+01 1.9065574030e+01 3.7544037726e+01 0.0000000000e+00 nan nan nan nan nan nan
-2.7103448645e-04 6.9830302355e-05 -9.1061233373e+00 2.6664854471e+01 -1.3256073576e+01 4.6302371896e+01 1.5551588422e+01 -3.7913785335e+01 1.5551588422e+01 3.7913785335e+01 1.0000000000e+00 1.3921674529e+01 1.2719699101e+01 5.6588228875e+00 2.3145845236e+01 -4.0647573507e-01 9.1366157673e-01
-2.7349795006e-04 6.8458774628e-05 -8.3485961004e+00 2.7295030485e+01 -1.2550580180e+01 4.7385293960e+01 1.6908324084e+01 -3.7807500364e+01 1.6908324084e+01 3.7807500364e+01 0.0000000000e+00 nan nan nan nan nan nan
-2.9163021589e-04 4.1371600481e-05 6.1481517259e+01 3.6159075463e+01 -1.1546985301e-01 8.2271521490e+01 7.8182508782e+01 -1.6816461376e+01 7.8182508782e+01 1.6816461376e+01 0.0000000000e+00 nan nan nan nan nan nan
3.4158911460e-04 8.8498734622e-05 -5.0898328534e+00 -9.3757361915e+00 1.5385904246e-01 1.6858371803e+01 7.2651985934e+00 -1.2201172404e+01 7.2651985934e+00 1.2201172404e+01 1.0000000000e+00 1.3837043209e+01 9.8009421984e+00 -9.7675635040e+00 1.3801464869e+01 7.0589961715e-01 7.0831188788e-01
3.4849947843e-04 8.1896195612e-05 -5.4336247997e+00 -9.6007069535e+00 1.6824335628e+00 1.7730027689e+01 8.3608406407e+00 -1.2112031878e+01 8.3608406407e+00 1.2112031878e+01 1.0000000000e+00 1.1942098332e+01 7.9760439201e+00 -8.8879939215e+00 1.3694800865e+01 7.4425730509e-01 6.6789300327e-01
3.3497123815e-04 1.4628408560e-05 -9.1226530190e-01 -1.2186824536e+01 -5.3431328925e+00 2.1450336867e+01 9.2566586674e+00 -1.5512056862e+01 9.2566586674e+00 1.5512056862e+01 0.0000000000e+00 nan nan nan nan nan nan
3.3168886047e-04 9.8072058669e-05 -4.6286283052e+00 -9.0005264700e+00 -1.6867116604e+00 1.5793426219e+01 5.9606688962e+00 -1.2276008862e+01 5.9606688962e+00 1.2276008862e+01 1.0000000000e+00 1.5609386163e+01 1.1635344103e+01 -1.0405368998e+01 1.3935677514e+01 6.6660974937e-01 7.4540689697e-01
3.3474654231e-04 9.1330787468e-05 -4.6624866268e+00 -9.3890750422e+00 -1.0525943531e+00 1.6556992971e+01 6.7016438586e+00 -1.2416724838e+01 6.7016438586e+00 1.2416724838e+01 0.0000000000e+00 nan nan nan nan nan nan
-9.0837927569e-05 1.1760071003e-04 -9.2690988084e+00 6.2160224165e+00 -3.0936786499e+01 2.1630091421e+01 -7.6148035495e+00 -3.2591081758e+01 -9.0922112235e-04 3.2591081758e+01 0.0000000000e+00 nan nan nan nan nan nan
3.1269301881e-04 6.7374152071e-05 -2.5090969582e+00 -1.0172300137e+01 -5.3607528810e+00 1.7789055104e+01 6.3355908334e+00 -1.4205440673e+01 6.3355908335e+00 1.4205440673e+01 0.0000000000e+00 nan nan nan nan nan nan
2.8949209079e-04 6.7162217716e-05 -2.4306419664e+00 -8.5812155883e+00 -8.9220286337e+00 1.5889093987e+01 3.4972373908e+00 -1.4849907991e+01 3.4972368415e+00 1.4849907991e+01 0.0000000000e+00 nan nan nan nan nan nan
2.0154689546e-04 1.2295229679e-04 -3.9809479076e+00 -4.8767491779e+00 -1.2757910133e+01 1.1362720512e+01 -1.8091592741e+00 -1.4929698766e+01 -5.7341801805e-04 1.4929698766e+01 0.0000000000e+00 nan nan nan nan nan nan
2.2410534463e-04 1.5164224095e-04 6.8582487572e-01 -6.4339012268e+00 -1.0530947528e+01 1.4781989645e+01 3.6118243747e+00 -1.3456947027e+01 3.6118233676e+00 1.3456947027e+01 0.0000000000e+00 nan nan nan nan nan nan
-2.3460720997e-04 8.4302937194e-05 -6.6356572177e+00 2.1616366317e+01 -2.0913258023e+01 3.9424172978e+01 8.9870992610e+00 -3.6536014502e+01 8.9870992609e+00 3.6536014502e+01 0.0000000000e+00 nan nan nan nan nan nan
2.5416170717e-04 1.4431817604e-04 -7.4054280513e-01 -7.0243906420e+00 -8.9997307201e+00 1.4112630706e+01 3.2777943745e+00 -1.3018067900e+01 3.2777943931e+00 1.3018067900e+01 1.0000000000e+00 2.5067450557e+01 2.3330882004e+01 -9.1677163114e+00 1.5474214444e+01 3.6572192654e-01 9.3072416561e-01
-2.0294498924e-04 1.3590670184e-05 1.8821737153e+02 3.3449992400e+01 -4.1274282095e+01 2.0701574865e+02 1.9299214293e+02 -4.6049053491e+01 1.9299214293e+02 4.6049053491e+01 0.0000000000e+00 nan nan nan nan nan nan
9.0543747834e-05 6.8871594387e-05 2.0289064090e+01 -3.5371479291e+00 -2.2483428073e+01 3.7548854101e+01 2.0581659031e+01 -2.2776023015e+01 2.0581658927e+01 2.2776023015e+01 0.0000000000e+00 nan nan nan nan nan nan
-2.0011370502e-04 9.5163861919e-05 -3.2853536722e+00 1.8257279790e+01 -2.5192159519e+01 3.6874391198e+01 7.0506830886e+00 -3.5528196280e+01 7.0506830899e+00 3.5528196280e+01 0.0000000000e+00 nan nan nan nan nan nan
-1.9122600503e-04 9.7899120567e-05 -3.1543122005e+00 1.7212995822e+01 -2.6002909735e+01 3.5780551988e+01 6.0793003543e+00 -3.5236522290e+01 6.0793007241e+00 3.5236522290e+01 0.0000000000e+00 nan nan nan nan nan nan
-1.3473916378e-04 1.1151420966e-04 -4.6876843333e+00 1.0918346935e+01 -2.9441633251e+01 2.8583724432e+01 -5.6183779676e-01 -3.3567479787e+01 -1.3046862805e-01 3.3567479787e+01 1.0000000000e+00 1.9018630761e+01 1.8692644554e+01 3.5061881887e+00 2.1509655464e+01 -1.8435544770e-01 9.8285963845e-01
-1.3210052354e-04 1.1120486527e-04 -4.2048089160e+00 1.0698297141e+01 -2.9625346112e+01 2.8772789621e+01 -3.0309968088e-01 -3.3527055347e+01 -1.1909252952e-01 3.3527055347e+01 0.0000000000e+00 nan nan nan nan nan nan
-1.1184408185e-04 1.3363182131e-05 1.7349094423e+02 1.0812324442e+01 -5.0493548448e+01 1.9487752544e+02 1.7401128966e+02 -5.1013893879e+01 1.7401128966e+02 5.1013893879e+01 0.0000000000e+00 nan nan nan nan nan nan
8.9138663490e-05 1.4328022707e-05 1.9322165529e+02 -4.0471243984e+01 -1.5402297719e+01 1.9379174061e+02 2.0079539239e+02 -2.2976034821e+01 2.0079539239e+02 2.2976034821e+01 0.0000000000e+00 nan nan nan nan nan nan
-2.2349290219e-04 6.8315545818e-05 2.5245578626e+01 3.0486201348e+01 -2.2630989593e+01 6.7132381764e+01 4.0066193199e+01 -3.7451604167e+01 4.0066193199e+01 3.7451604167e+01 0.0000000000e+00 nan nan nan nan nan nan
4.4173788044e-05 4.1190181632e-05 9.3765835029e+01 -2.0384044303e+01 -2.1512074238e+01 1.0588655820e+02 9.7260513275e+01 -2.5006752485e+01 9.7260513275e+01 2.5006752485e+01 0.0000000000e+00 nan nan nan nan nan nan
-6.5881515578e-05 1.3356860992e-05 1.7263042445e+02 1.9073118834e+00 -5.0877366375e+01 1.9359112603e+02 1.7264641776e+02 -5.0893359691e+01 1.7264641776e+02 5.0893359691e+01 0.0000000000e+00 nan nan nan nan nan nan
-4.4855946480e-05 1.4900917121e-05 1.6902565109e+02 -2.0120606284e+00 -4.9568946047e+01 1.8934005039e+02 1.6904388158e+02 -4.9587176538e+01 1.6904388158e+02 4.9587176538e+01 0.0000000000e+00 nan nan nan nan nan nan
4.4681747973e-05 1.3910616190e-05 1.7975315027e+02 -2.1338299493e+01 -3.0769706464e+01 1.8602445727e+02 1.8189299238e+02 -3.2909548577e+01 1.8189299238e+02 3.2909548577e+01 0.0000000000e+00 nan nan nan nan nan nan
-1.5603615900e-04 1.0705886124e-04 -3.5156326206e+00 1.3237744416e+01 -2.8427852261e+01 3.1480217985e+01 2.2033698870e+00 -3.4146854769e+01 2.2240201485e+00 3.4146854769e+01 0.0000000000e+00 nan nan nan nan nan nan
2.4718821471e-04 1.2056048563e-04 -2.3750618029e+00 -6.9850472444e+00 -1.0011001464e+01 1.3787343607e+01 1.7670949096e+00 -1.4153158176e+01 1.7670670648e+00 1.4153158176e+01 0.0000000000e+00 nan nan nan nan nan nan
-2.2530146870e-04 1.3747498063e-05 1.9504885596e+02 4.1243640915e+01 -3.5699922919e+01 2.1221519710e+02 2.0219696769e+02 -4.2848034650e+01 2.0219696769e+02 4.2848034650e+01 0.0000000000e+00 nan nan nan nan nan nan
-4.6136393851e-05 9.4985183811e-05 1.1082655575e+01 -2.1469116928e+00 -3.5916813810e+01 4.0871348246e+01 1.1180004795e+01 -3.6014163029e+01 1.1178993581e+01 3.6014163029e+01 0.0000000000e+00 nan nan nan nan nan nan
1.2995934516e-05 1.2854018492e-04 -4.2095710625e+01 -6.2214589412e+00 -3.4812379952e+01 1.2432765332e+01 -3.1275984877e+01 -4.5632105700e+01 -3.3883666025e-08 4.5632105700e+01 1.0000000000e+00 1.4422032341e+01 1.4373124233e+01 1.1867251711e+00 1.9895689150e+01 -8.2285571344e-02 9.9660879223e-01
8.9644750747e-06 1.2772953822e-04 -4.0212831384e+01 -5.7191032626e+00 -3.4330103980e+01 1.1046659205e+01 -3.0893676016e+01 -4.3649259347e+01 -2.0773784339e-08 4.3649259347e+01 1.0000000000e+00 1.4834859838e+01 1.4790298897e+01 1.1489669118e+00 1.9908701513e+01 -7.7450473028e-02 9.9699620071e-01
2.4311473689e-05 1.2884153917e-04 -4.3676082585e+01 -7.3047082755e+00 -3.3870371605e+01 1.5179329384e+01 -3.0009437189e+01 -4.7537017001e+01 5.0434090150e-09 4.7537017001e+01 0.0000000000e+00 nan nan nan nan nan nan
-2.3529398844e-05 9.5674370631e-05 8.9493484231e+00 -5.1620185323e+00 -3.6187695194e+01 4.0098526140e+01 9.5317214756e+00 -3.6770068246e+01 9.5355949855e+00 3.6770068246e+01 0.0000000000e+00 nan nan nan nan nan nan
-1.3328237496e-04 6.7402709171e-05 4.8373822103e+01 1.4825975842e+01 -3.6589946402e+01 7.7931449283e+01 5.0885681072e+01 -3.9101805372e+01 5.0885681072e+01 3.9101805372e+01 0.0000000000e+00 nan nan nan nan nan nan
-7.0154303368e-07 1.2247465695e-04 -3.0224845470e+01 -5.1551090507e+00 -3.4102135492e+01 9.4803790622e+00 -2.6689991077e+01 -3.7636989885e+01 1.4504603349e-06 3.7636989885e+01 0.0000000000e+00 nan nan nan nan nan nan
-1.4047746294e-06 1.2680135717e-04 -3.6390851162e+01 -4.0707366711e+00 -3.3339492630e+01 7.3838843891e+00 -3.0602084256e+01 -3.9128259536e+01 8.4812837992e-08 3.9128259536e+01 1.0000000000e+00 1.5571088921e+01 1.5530381914e+01 1.1251878863e+00 1.9954181229e+01 -7.2261348708e-02 9.9738573154e-01
-3.8722825980e-06 1.2651694305e-04 -3.5314277305e+01 -3.7167971209e+00 -3.3186681272e+01 6.5761262466e+00 -3.0453751030e+01 -3.8047207547e+01 1.1885318514e-07 3.8047207547e+01 1.0000000000e+00 1.5895529179e+01 1.5855400455e+01 1.1287711481e+00 1.9982471803e+01 -7.1011863487e-02 9.9747547100e-01
-8.8381784731e-06 1.2599840293e-04 -3.3208330419e+01 -3.0342626584e+00 -3.2921066996e+01 5.0590447050e+00 -3.0143857885e+01 -3.5985539530e+01 8.0117048097e-08 3.5985539530e+01 1.0000000000e+00 1.6195404122e+01 1.6155170706e+01 1.1408655248e+00 2.0013568272e+01 -7.0443782462e-02 9.9751575101e-01
-2.1504165530e-05 1.2498924279e-04 -2.8407132204e+01 -1.3671353058e+00 -3.2405860418e+01 4.2540742362e+00 -2.7950405406e+01 -3.2862587216e+01 -3.0372833558e-07 3.2862587216e+01 0.0000000000e+00 nan nan nan nan nan nan
-2.2515902192e-05 1.2273684065e-04 -2.5549775191e+01 -1.8100647757e+00 -3.2690459150e+01 6.9103375304e+00 -2.5130431937e+01 -3.3109802404e+01 1.3874887166e-06 3.3109802404e+01 0.0000000000e+00 nan nan nan nan nan nan
-1.4483636068e-04 1.1007516408e-04 -4.5280243008e+00 1.1939241443e+01 -2.8948529723e+01 2.9576181563e+01 3.3753937527e-01 -3.3814093399e+01 2.2727448443e-01 3.3814093399e+01 1.0000000000e+00 1.8892721818e+01 1.8508996084e+01 3.7884035741e+00 2.1658646095e+01 -2.0052185231e-01 9.7968922968e-01
-3.4169785483e-05 1.2425912763e-04 -2.4260028049e+01 2.1926664614e-01 -3.2010527461e+01 6.7011959524e+00 -2.4266340468e+01 -3.2004215042e+01 -1.6974094941e-07 3.2004215042e+01 0.0000000000e+00 nan nan nan nan nan nan
-4.5757788649e-05 1.2166789573e-04 -1.9034586062e+01 1.1699733105e+00 -3.1967701839e+01 1.1372095227e+01 -1.8935461710e+01 -3.2066826191e+01 -5.3402556209e-06 3.2066826191e+01 0.0000000000e+00 nan nan nan nan nan nan
-6.4030644182e-05 1.2151879891e-04 -1.5550695760e+01 3.4594513822e+00 -3.1407799648e+01 1.4972708554e+01 -1.4834750390e+01 -3.2123745018e+01 1.3197181075e-05 3.2123745018e+01 1.0000000000e+00 1.8661440441e+01 1.8565455157e+01 1.8903000136e+00 2.0611681362e+01 -1.0129443221e-01 9.9485649116e-01
-1.9570640525e-04 9.6729623262e-05 -3.4092351268e+00 1.7674366180e+01 -2.5603308793e+01 3.6143357014e+01 6.3611049420e+00 -3.5373648861e+01 6.3611049581e+00 3.5373648861e+01 0.0000000000e+00 nan nan nan nan nan nan
1.1201700649e-04 9.4065419622e-05 -1.4749882332e+00 1.3186980495e+00 -2.2737498765e+01 1.8563301579e+01 -1.3887163358e+00 -2.2823770663e+01 -1.5799971298e-02 2.2823770663e+01 0.0000000000e+00 nan nan nan nan nan nan
2.2548798601e-04 4.1995087788e-05 2.1891207899e+01 -1.2312133813e+01 -1.3245974280e+01 3.7156644885e+01 2.5775015736e+01 -1.7129782117e+01 2.5775919110e+01 1.7129782117e+01 0.0000000000e+00 nan nan nan nan nan nan
6.5952789374e-05 4.0759784117e-05 7.9577280246e+01 -1.9278992427e+01 -1.9128363010e+01 9.1774650230e+01 8.3210577633e+01 -2.2761660397e+01 8.3210577633e+01 2.2761660397e+01 0.0000000000e+00 nan nan nan nan nan nan
-2.4658324932e-04 4.1772395507e-05 8.2217754101e+01 4.5260089829e+01 -1.9161139077e+01 1.1769650568e+02 9.9480416749e+01 -3.6423801725e+01 9.9480416749e+01 3.6423801725e+01 0.0000000000e+00 nan nan nan nan nan nan
-8.4164088821e-05 1.1959735353e-04 -1.1437566128e+01 5.6003943699e+00 -3.0957989048e+01 1.9484131725e+01 -9.9486088919e+00 -3.2446946285e+01 1.3280783007e-04 3.2446946285e+01 1.0000000000e+00 1.8990862251e+01 1.8850228073e+01 2.3068919901e+00 2.0858386428e+01 -1.2147378880e-01 9.9259463964e-01
-8.1458180299e-05 1.1956954970e-04 -1.1668805471e+01 5.2852020264e+00 -3.1058150940e+01 1.9117674477e+01 -1.0325883700e+01 -3.2401072711e+01 6.8639651331e-05 3.2401072711e+01 0.0000000000e+00 nan nan nan nan nan nan
-1.2793417943e-04 1.1312983659e-04 -5.5316793856e+00 1.0166986931e+01 -2.9678024874e+01 2.7334563125e+01 -1.8232347519e+00 -3.3386469508e+01 1.6459666823e-02 3.3386469508e+01 1.0000000000e+00 1.9077739389e+01 1.8787077793e+01 3.3175063221e+00 2.1409967828e+01 -1.7389410005e-01 9.8476435860e-01
1.5583275881e-04 6.7899925356e-05 1.0255814665e+01 -6.3357222547e+00 -1.5972053008e+01 2.5222013242e+01 1.1703816963e+01 -1.7420055306e+01 1.1703043478e+01 1.7420055306e+01 0.0000000000e+00 nan nan nan nan nan nan
6.9385140532e-07 6.8035811838e-05 4.8854521858e+01 -7.4940304203e+00 -3.5403790006e+01 7.4115206886e+01 4.9515800573e+01 -3.6065068721e+01 4.9515800573e+01 3.6065068721e+01 0.0000000000e+00 nan nan nan nan nan nan
-2.2749488199e-05 6.8789503092e-05 4.8844216252e+01 -5.8591946398e+00 -3.8822410522e+01 7.6596420477e+01 4.9233866846e+01 -3.9212061116e+01 4.9233866846e+01 3.9212061116e+01 0.0000000000e+00 nan nan nan nan nan nan
-4.4519740007e-05 6.8299538384e-05 4.9860499216e+01 -2.9689504964e+00 -4.0040177591e+01 7.8025297245e+01 4.9958087181e+01 -4.0137765555e+01 4.9958087181e+01 4.0137765555e+01 0.0000000000e+00 nan nan nan nan nan nan
2.6882524912e-04 4.2244995698e-05 -2.4543250303e+00 -6.1741605512e+00 -1.3494767346e+01 1.4341159835e+01 3.0532630292e-01 -1.6254418679e+01 2.5384543777e-01 1.6254418679e+01 0.0000000000e+00 nan nan nan nan nan nan
-1.1173955021e-04 6.6837031391e-05 5.0757550808e+01 1.0196568978e+01 -3.8460835229e+01 7.9256809675e+01 5.1907298190e+01 -3.9610582612e+01 5.1907298190e+01 3.9610582612e+01 0.0000000000e+00 nan nan nan nan nan nan
-1.7480873979e-04 1.0248618853e-04 -3.1252232438e+00 1.5330084588e+01 -2.7271174592e+01 3.3795446160e+01 4.3136110198e+00 -3.4710008855e+01 4.3138620215e+00 3.4710008855e+01 0.0000000000e+00 nan nan nan nan nan nan
-2.1850720888e-04 8.9639914460e-05 -4.6338595138e+00 2.0138980274e+01 -2.3184119559e+01 3.8400565031e+01 8.2615870210e+00 -3.6079566094e+01 8.2615870210e+00 3.6079566094e+01 0.0000000000e+00 nan nan nan nan nan nan
-2.1653468331e-04 9.1486919418e-05 -5.8698999737e+00 1.9389906809e+01 -2.3481085918e+01 3.6881890275e+01 6.6182763319e+00 -3.5969262224e+01 6.6182763320e+00 3.5969262224e+01 1.0000000000e+00 1.7219970063e+01 1.6377323173e+01 5.3207757556e+00 2.2519597342e+01 -3.0898867630e-01 9.5106571693e-01
-2.1403609517e-04 9.1094244696e-05 -4.3087435399e+00 1.9674851457e+01 -2.3717034333e+01 3.7992510048e+01 7.9220969683e+00 -3.5947874840e+01 7.9220969680e+00 3.5947874840e+01 0.0000000000e+00 nan nan nan nan nan nan
-2.0940102051e-04 9.2670878923e-05 -4.1318214729e+00 1.9138275444e+01 -2.4240647063e+01 3.7440079824e+01 7.4298058979e+00 -3.5802274433e+01 7.4298058977e+00 3.5802274433e+01 0.0000000000e+00 nan nan nan nan nan nan
-2.0722000578e-04 9.4447146322e-05 -5.2047172643e+00 1.8469068722e+01 -2.4494906708e+01 3.6084867049e+01 5.9837957179e+00 -3.5683419691e+01 5.9837957179e+00 3.5683419691e+01 1.0000000000e+00 1.7491264873e+01 1.6707220246e+01 5.1781404477e+00 2.2427589339e+01 -2.9604150903e-01 9.5517507554e-01
-1.5740850989e-04 6.8364292864e-05 4.4038522193e+01 1.9841663119e+01 -3.3772058923e+01 7.5641510156e+01 4.8804877886e+01 -3.8538414615e+01 4.8804877886e+01 3.8538414615e+01 0.0000000000e+00 nan nan nan nan nan nan
3.5810708390e-04 3.9199966282e-05 -2.5925298627e+00 -1.3951145816e+01 6.1430431654e+00 2.5313014470e+01 1.6389732370e+01 -1.2839219067e+01 1.6389732370e+01 1.2839219105e+01 0.0000000000e+00 nan nan nan nan nan nan
2.2048625724e-05 1.3706009550e-05 1.7737850579e+02 -1.5168727361e+01 -3.8027400725e+01 1.8838688372e+02 1.7844077057e+02 -3.9089665496e+01 1.7844077057e+02 3.9089665496e+01 0.0000000000e+00 nan nan nan nan nan nan
6.7058901555e-05 1.4134248533e-05 1.8425479534e+02 -2.9467086481e+01 -2.2849614000e+01 1.8647411310e+02 1.8836347006e+02 -2.6958288722e+01 1.8836347006e+02 2.6958288722e+01 0.0000000000e+00 nan nan nan nan nan nan
-8.8879260994e-05 1.3350862304e-05 1.7263094499e+02 6.2504727821e+00 -5.1058331504e+01 1.9402232572e+02 1.7280514873e+02 -5.1232535239e+01 1.7280514873e+02 5.1232535239e+01 0.0000000000e+00 nan nan nan nan nan nan
-1.3475840178e-04 1.3390247531e-05 1.7534352370e+02 1.5677233785e+01 -4.9313756608e+01 1.9644378115e+02 1.7643175347e+02 -5.0401986381e+01 1.7643175347e+02 5.0401986381e+01 0.0000000000e+00 nan nan nan nan nan nan
-8.8798641112e-05 9.5109961413e-05 1.2759498714e+01 5.0288617013e+00 -3.4320514881e+01 4.1690949407e+01 1.3289772779e+01 -3.4850788947e+01 1.3289714401e+01 3.4850788947e+01 0.0000000000e+00 nan nan nan nan nan nan
1.1141683309e-04 1.4618705101e-05 1.6900609952e+02 -3.7993414286e+01 -1.5388092386e+01 1.7271953985e+02 1.7652867639e+02 -2.2910669262e+01 1.7652867639e+02 2.2910669262e+01 0.0000000000e+00 nan nan nan nan nan nan
3.1241042657e-04 4.1523089153e-05 -1.3064387665e+00 -1.0232913326e+01 -7.5069870378e+00 1.8517080867e+01 6.2841287211e+00 -1.5097554525e+01 6.2841287213e+00 1.5097554525e+01 0.0000000000e+00 nan nan nan nan nan nan
-1.3552463495e-04 9.4912327933e-05 1.1213102544e+01 1.2580470062e+01 -3.1349133536e+01 4.2816974669e+01 1.4652376355e+01 -3.4788407347e+01 1.4652381485e+01 3.4788407347e+01 0.0000000000e+00 nan nan nan nan nan nan
4.3993519791e-05 9.4283547856e-05 1.3050725072e+01 3.5809726672e+00 -2.2055409717e+01 3.1019056712e+01 1.3406518420e+01 -2.2411203065e+01 1.3406615548e+01 2.2411203065e+01 0.0000000000e+00 nan nan nan nan nan nan
2.2435947052e-04 1.2208594999e-04 -2.8631161387e+00 -6.0651031667e+00 -1.1407828375e+01 1.2849378819e+01 2.8312006305e-01 -1.4554064577e+01 2.4936017599e-01 1.4554064577e+01 0.0000000000e+00 nan nan nan nan nan nan
2.4704440576e-04 6.9701799971e-05 -3.6458553195e+00 -5.3151024741e+00 -1.3188398679e+01 1.2369224019e+01 -1.2757521821e+00 -1.5558501817e+01 7.9745530322e-04 1.5558501817e+01 0.0000000000e+00 nan nan nan nan nan nan
-1.5760106209e-04 1.3432749666e-05 1.7832070655e+02 2.0953234657e+01 -4.7519948054e+01 1.9892121704e+02 1.8024759745e+02 -4.9446838957e+01 1.8024759745e+02 4.9446838957e+01 0.0000000000e+00 nan nan nan nan nan nan
-2.9113167009e-04 1.4396142048e-05 1.8885786516e+02 6.8261779284e+01 5.5834690077e+00 1.9791087707e+02 2.1148456524e+02 -1.7043231069e+01 2.1148456524e+02 1.7043231069e+01 0.0000000000e+00 nan nan nan nan nan nan
-3.3668814844e-04 1.3378104248e-05 1.0880709235e+02 5.4588758573e+01 6.6849846896e+00 1.2946328703e+02 1.3249170214e+02 -1.6999625095e+01 1.3249170214e+02 1.6999624895e+01 0.0000000000e+00 nan nan nan nan nan nan
2.4637886050e-04 1.3074854613e-05 3.0522924583e+01 -1.7952139127e+01 -1.3535572958e+01 4.9220762028e+01 3.6911296019e+01 -1.9923944394e+01 3.6911296044e+01 1.9923944394e+01 0.0000000000e+00 nan nan nan nan nan nan
2.0031017921e-04 6.8933719282e-05 -3.7004197242e+00 -2.9509931224e+00 -1.6331267264e+01 1.2075448335e+01 -3.0440801472e+00 -1.6987606841e+01 4.4016051525e-02 1.6987606841e+01 0.0000000000e+00 nan nan nan nan nan nan
2.2302958159e-04 1.4097558269e-05 4.3062201479e+01 -1.9315399043e+01 -1.3533627947e+01 5.9344118728e+01 4.9026629688e+01 -1.9498056157e+01 4.9026629688e+01 1.9498056157e+01 0.0000000000e+00 nan nan nan nan nan nan
2.0326024678e-04 1.2725678555e-05 6.2250595222e+01 -2.2026269732e+01 -1.3795700085e+01 7.6112663262e+01 6.8171114191e+01 -1.9716219055e+01 6.8171114191e+01 1.9716219055e+01 0.0000000000e+00 nan nan nan nan nan nan
8.9890853183e-05 9.4601377175e-05 1.5438017903e+00 1.7042256835e+00 -2.2502053634e+01 2.1040773100e+01 1.6687700914e+00 -2.2627021935e+01 1.6559411399e+00 2.2627021935e+01 0.0000000000e+00 nan nan nan nan nan nan
-1.3084066519e-06 4.1040858820e-05 1.0159381045e+02 -1.0048478575e+01 -3.8622453560e+01 1.2267114538e+02 1.0230989725e+02 -3.9338540361e+01 1.0230989725e+02 3.9338540361e+01 0.0000000000e+00 nan nan nan nan nan nan
-9.6101772338e-05 1.1778651488e-04 -9.1282429609e+00 6.8240214407e+00 -3.0705547451e+01 2.2106745931e+01 -7.1535594914e+00 -3.2680230920e+01 -7.6080426027e-04 3.2680230920e+01 1.0000000000e+00 1.9092053721e+01 1.8917750104e+01 2.5739553730e+00 2.1008500019e+01 -1.3481815056e-01 9.9087035796e-01
-8.8200940931e-05 6.8297204585e-05 4.9304015976e+01 5.1645551500e+00 -3.9469987676e+01 7.7398132654e+01 4.9602846872e+01 -3.9768818573e+01 4.9602846872e+01 3.9768818573e+01 0.0000000000e+00 nan nan nan nan nan nan
-6.6376385044e-05 6.8166712159e-05 4.9936404431e+01 8.4290660630e-01 -4.0137396212e+01 7.8019025150e+01 4.9943809282e+01 -4.0144801063e+01 4.9943809282e+01 4.0144801063e+01 0.0000000000e+00 nan nan nan nan nan nan
1.3489650911e-04 1.2338558478e-04 -1.0203067923e+01 -3.9769134070e-01 -1.7007521960e+01 5.9393666171e+00 -1.0176200026e+01 -1.7034389857e+01 2.8886581664e-09 1.7034389857e+01 0.0000000000e+00 nan nan nan nan nan nan
-1.3583674839e-04 4.0675299008e-05 1.0134816394e+02 1.7063038134e+01 -4.2665149512e+01 1.2817163997e+02 1.0334143805e+02 -4.4658423626e+01 1.0334143805e+02 4.4658423626e+01 0.0000000000e+00 nan nan nan nan nan nan
-1.8913886166e-05 1.2763860688e-04 -3.2188191133e+01 -9.7163785137e-01 -3.2131941893e+01 1.4397763752e+00 -3.1328811235e+01 -3.2991321791e+01 4.0289462523e-08 3.2991321791e+01 1.0000000000e+00 1.6973689486e+01 1.6929767141e+01 1.2202947572e+00 2.0120567460e+01 -7.1893312190e-02 9.9741232781e-01
4.8829432355e-06 1.2716120806e-04 -3.8498801060e+01 -5.1124810304e+00 -3.3908261614e+01 9.5988363838e+00 -3.0661640567e+01 -4.1745422107e+01 3.3657963457e-08 4.1745422107e+01 0.0000000000e+00 nan nan nan nan nan nan
1.3436306822e-04 3.9657794480e-05 4.0773945886e+01 -1.0192720304e+01 -2.1388009384e+01 5.6656240485e+01 4.2403463947e+01 -2.3017527444e+01 4.2403463947e+01 2.3017527444e+01 0.0000000000e+00 nan nan nan nan nan nan
6.6096644290e-05 6.8383055290e-05 2.8203734046e+01 -4.8273257751e+00 -2.2227512425e+01 4.4470506019e+01 2.8663169432e+01 -2.2686947811e+01 2.8663169432e+01 2.2686947811e+01 0.0000000000e+00 nan nan nan nan nan nan
6.5388697913e-05 1.3936065775e-04 -4.4607107780e+01 -1.8871726839e+01 -5.3286473132e+01 3.4455495553e+01 -2.9053900823e+01 -6.8839680089e+01 -2.8346123235e-01 6.8842070175e+01 1.0000000000e+00 4.9460917265e+00 4.4226825605e+00 2.2144304767e+00 2.0795533644e+01 -4.4771318429e-01 8.9417722215e-01
3.2211321779e-04 1.0700749152e-04 -4.1764906893e+00 -8.6431246654e+00 -3.1422545912e+00 1.4994960072e+01 4.9979715937e+00 -1.2316716874e+01 4.9979715937e+00 1.2316716874e+01 1.0000000000e+00 1.7246845272e+01 1.3438254245e+01 -1.0810503906e+01 1.4092028855e+01 6.2681051143e-01 7.7917172867e-01
1.0179658846e-04 1.5639020789e-04 2.7806878006e+00 -2.4541820311e+00 -1.8129918254e+01 1.8596861591e+01 3.0622878187e+00 -1.8411518272e+01 3.0639948624e+00 1.8411517793e+01 1.0000000000e+00 2.6346973958e+01 2.5743337063e+01 5.6074623124e+00 1.9452402952e+01 -2.1283136050e-01 9.7708894784e-01
1.4153815582e-04 1.6442575432e-04 8.2549675125e+00 -3.2595130802e+00 -1.3644730865e+01 1.9770186816e+01 8.7194410040e+00 -1.4109204357e+01 8.7169115801e+00 1.4109204357e+01 1.0000000000e+00 3.2030500961e+01 3.1621575385e+01 5.1018586798e+00 1.8937544869e+01 -1.5928126401e-01 9.8723324444e-01
1.5991254609e-04 1.6529432736e-04 7.0091856145e+00 -4.3788720561e+00 -1.2889170658e+01 1.8821043242e+01 7.9263418605e+00 -1.3806326904e+01 7.9265181399e+00 1.3806326904e+01 1.0000000000e+00 3.1902819861e+01 3.1899657637e+01 -4.4917450737e-01 1.7845154086e+01 1.4079460980e-02 9.9990087948e-01
1.6931491098e-04 1.6423380286e-04 5.6719588962e+00 -4.8417729462e+00 -1.2583681708e+01 1.7890274698e+01 6.8730935069e+00 -1.3784816319e+01 6.8731965232e+00 1.3784816319e+01 1.0000000000e+00 3.0917517335e+01 3.0844060497e+01 -2.1299789173e+00 1.7475275987e+01 6.8892301222e-02 9.9762410297e-01
-1.8031713956e-04 1.3495488583e-05 1.8256559778e+02 2.6790539272e+01 -4.4966525357e+01 2.0243688100e+02 1.8567652395e+02 -4.8077451531e+01 1.8567652395e+02 4.8077451531e+01 0.0000000000e+00 nan nan nan nan nan nan
1.7860258504e-04 1.6427457895e-04 5.0232048694e+00 -5.1148781866e+00 -1.2233071402e+01 1.7369405055e+01 6.4232974174e+00 -1.3633163950e+01 6.4232984078e+00 1.3633163950e+01 1.0000000000e+00 3.0334578953e+01 3.0179666331e+01 -3.0617675361e+00 1.7257210593e+01 1.0093324654e-01 9.9489320017e-01
2.6478121076e-04 1.3925199688e-04 -1.3506335145e+00 -7.2761948107e+00 -8.3780245090e+00 1.3994345714e+01 3.2153102535e+00 -1.2943968277e+01 3.2153102527e+00 1.2943968277e+01 0.0000000000e+00 nan nan nan nan nan nan
2.2289861624e-04 1.5577342176e-04 1.2877635184e+00 -6.3087529895e+00 -1.0526615948e+01 1.4968038319e+01 4.0223747375e+00 -1.3261227168e+01 4.0223751546e+00 1.3261227168e+01 1.0000000000e+00 2.7490631802e+01 2.6605026416e+01 -6.9215176309e+00 1.6217016868e+01 2.5177732111e-01 9.6778519340e-01
1.3587464908e-04 9.6412873793e-05 -3.7195576544e+00 -1.6670353254e+00 -1.6799256216e+01 1.1692846789e+01 -3.5085386937e+00 -1.7010275177e+01 -2.0338419514e-03 1.7010275177e+01 0.0000000000e+00 nan nan nan nan nan nan
2.3633039749e-04 1.5186010700e-04 4.1205454212e-01 -6.6043860342e+00 -9.9115976068e+00 1.4517212933e+01 3.6317452626e+00 -1.3131288327e+01 3.6317452146e+00 1.3131288327e+01 1.0000000000e+00 2.6453430347e+01 2.5213530596e+01 -8.0038648160e+00 1.5880105339e+01 3.0256434462e-01 9.5312896156e-01
-2.9830860403e-04 5.7411162655e-05 2.4772531549e+00 3.1770793146e+01 -5.9814699982e+00 5.5395617287e+01 3.0230566131e+01 -3.3734782974e+01 3.0230566131e+01 3.3734782974e+01 0.0000000000e+00 nan nan nan nan nan nan
2.7287798354e-04 1.3721831630e-04 -1.6876815583e+00 -7.4110868767e+00 -7.8346596955e+00 1.3895196720e+01 3.2612249401e+00 -1.2783566194e+01 3.2612249398e+00 1.2783566194e+01 1.0000000000e+00 2.3516611351e+01 2.1237535177e+01 -1.0099411322e+01 1.5090745446e+01 4.2945861421e-01 9.0308653997e-01
2.8135257884e-04 1.3337266429e-04 -2.1175835526e+00 -7.5923640716e+00 -7.2280260101e+00 1.3874274198e+01 3.3375111615e+00 -1.2683120724e+01 3.3375111614e+00 1.2683120724e+01 1.0000000000e+00 2.2836889270e+01 2.0333193132e+01 -1.0396382475e+01 1.4942257375e+01 4.5524512347e-01 8.9036614803e-01
3.5468564869e-04 7.5193826057e-05 -5.7299877484e+00 -9.8382185816e+00 3.3203231328e+00 1.8752360366e+01 9.6218479975e+00 -1.2031512613e+01 9.6218479975e+00 1.2031512613e+01 1.0000000000e+00 1.0621260642e+01 6.7889205862e+00 -8.1683373403e+00 1.3641466005e+01 7.6905535185e-01 6.3918218513e-01
3.5753309240e-04 7.1694848300e-05 -5.8526304898e+00 -9.9782082767e+00 4.1968109591e+00 1.9345679672e+01 1.0341323601e+01 -1.1997143131e+01 1.0341323601e+01 1.1997143131e+01 1.0000000000e+00 9.9477588337e+00 6.2105707610e+00 -7.7708890505e+00 1.3620220550e+01 7.8116982734e-01 6.2431858923e-01
3.6321590519e-04 6.4610153261e-05 -6.1035039503e+00 -1.0240233354e+01 6.1742992676e+00 2.0674658979e+01 1.1971917586e+01 -1.1901122269e+01 1.1971917586e+01 1.1901122269e+01 1.0000000000e+00 7.9064055121e+00 4.5696727281e+00 -6.4520802289e+00 1.3581114137e+01 8.1605733718e-01 5.7797095293e-01
3.6838036312e-04 5.6795112197e-05 -6.2494612379e+00 -1.0619223925e+01 8.4747490831e+00 2.2374764771e+01 1.4030720386e+01 -1.1805432541e+01 1.4030720386e+01 1.1805432537e+01 1.0000000000e+00 6.5482024312e+00 3.5742345078e+00 -5.4866932449e+00 1.3577963824e+01 8.3789304050e-01 5.4583445538e-01
3.7336929384e-04 4.8882106121e-05 -6.3469116929e+00 -1.1027701930e+01 1.1206627410e+01 2.4402214628e+01 1.6518483043e+01 -1.1658767326e+01 1.6518483043e+01 1.1658767246e+01 1.0000000000e+00 5.2160359776e+00 2.6762231667e+00 -4.4771487446e+00 1.3593335626e+01 8.5834314868e-01 5.1307605588e-01
3.8872276400e-04 1.7336579654e-05 -3.3100505526e+00 -1.6285364539e+01 2.9360124559e+01 3.9907119820e+01 3.6065423374e+01 -1.0015349368e+01 3.6065423374e+01 1.0034311028e+01 1.0000000000e+00 5.1559125877e-01 1.9626300595e-01 -4.7677581589e-01 1.3876233663e+01 9.2471663896e-01 3.8065619346e-01
-2.0272254622e-04 9.5717235021e-05 -4.8353239029e+00 1.8048008639e+01 -2.4942080355e+01 3.5779114295e+01 5.7683791409e+00 -3.5545783397e+01 5.7683791404e+00 3.5545783399e+01 1.0000000000e+00 1.7618381684e+01 1.6863215970e+01 5.1028737326e+00 2.2381501945e+01 -2.8963351028e-01 9.5713762319e-01
3.7809517785e-04 4.0485848296e-05 -6.2983074015e+00 -1.1584739072e+01 1.4587563384e+01 2.7002299085e+01 1.9734412636e+01 -1.1445156654e+01 1.9734412636e+01 1.1445160214e+01 1.0000000000e+00 3.3416356243e+00 1.5498112281e+00 -2.9605090446e+00 1.3650692798e+01 8.8594609868e-01 4.6378821700e-01
-6.6712870364e-05 1.2139743549e-04 -1.5034743925e+01 3.7651639301e+00 -3.1337248385e+01 1.5541749147e+01 -1.4212963101e+01 -3.2159029208e+01 1.6652595993e-05 3.2159029208e+01 0.0000000000e+00 nan nan nan nan nan nan
-3.6858590649e-05 1.2408520422e-04 -2.3417543583e+01 5.3674312887e-01 -3.1941379932e+01 7.4161448663e+00 -2.3397748523e+01 -3.1961174992e+01 8.1673383882e-08 3.1961174992e+01 1.0000000000e+00 1.7772968493e+01 1.7717034458e+01 1.4089354394e+00 2.0286502204e+01 -7.9274063863e-02 9.9685285915e-01
1.8749508300e-04 1.6323490467e-04 4.1646138437e+00 -5.3965229974e+00 -1.1915966721e+01 1.6769545154e+01 5.8062249703e+00 -1.3557577847e+01 5.8062361422e+00 1.3557577847e+01 1.0000000000e+00 2.9786685319e+01 2.9530725549e+01 -3.8965203525e+00 1.7050774685e+01 1.3081416447e-01 9.9140690656e-01
5.9192695835e-05 1.3689497853e-04 -5.5498772727e+01 -1.9885646429e+01 -4.4087679136e+01 3.5655181816e+01 -2.9207697112e+01 -7.0378754751e+01 -5.6742302946e-04 7.0378968296e+01 1.0000000000e+00 6.6461713264e+00 6.2361215134e+00 2.2983432664e+00 2.0439233943e+01 -3.4581462823e-01 9.3830285244e-01
2.8513283058e-04 1.3148796934e-04 -2.3106111823e+00 -7.6764754689e+00 -6.9385335293e+00 1.3886020317e+01 3.3925252124e+00 -1.2641669924e+01 3.3925252124e+00 1.2641669924e+01 1.0000000000e+00 2.2482158412e+01 1.9865552671e+01 -1.0526502930e+01 1.4870146630e+01 4.6821585085e-01 8.8361412223e-01
3.1828773731e-04 1.1001934517e-04 -3.9876238234e+00 -8.5301428153e+00 -3.6463898429e+00 1.4775682869e+01 4.7137376488e+00 -1.2347751315e+01 4.7137376488e+00 1.2347751315e+01 1.0000000000e+00 1.8260343087e+01 1.4605964370e+01 -1.0959285309e+01 1.4205777098e+01 6.0016864178e-01 7.9987349089e-01
-1.5970436326e-04 1.0908379008e-04 -5.9271902735e+00 1.3125207302e+01 -2.8043506019e+01 2.9724312917e+01 1.7599191816e-01 -3.4146688210e+01 1.0259338743e-01 3.4146688210e+01 1.0000000000e+00 1.8723934746e+01 1.8276739330e+01 4.0677428425e+00 2.1806532481e+01 -2.1724829197e-01 9.7611637607e-01
3.8471353238e-04 2.6454723814e-05 -5.3992450217e+00 -1.3429365423e+01 2.2008863306e+01 3.3208294382e+01 2.7477626843e+01 -1.0868008559e+01 2.7477626843e+01 1.0867747564e+01 1.0000000000e+00 1.2650003614e+00 5.1010700927e-01 -1.1575909266e+00 1.3788177723e+01 9.1509138018e-01 4.0324653244e-01
-2.5947417203e-04 7.4971419649e-05 -9.5065749521e+00 2.4839559813e+01 -1.6077719647e+01 4.3386331512e+01 1.2256962878e+01 -3.7841257477e+01 1.2256962878e+01 3.7841257477e+01 1.0000000000e+00 1.4829011449e+01 1.3657775921e+01 5.7762217253e+00 2.3039416455e+01 -3.8952169842e-01 9.2101728891e-01
3.5683280426e-04 6.7729701742e-05 -5.5426755856e+00 -1.0476950526e+01 4.3668528334e+00 2.0069162333e+01 1.0999024899e+01 -1.2174847651e+01 1.0999024899e+01 1.2174847651e+01 0.0000000000e+00 nan nan nan nan nan nan
-3.8747738709e-04 8.2998541588e-06 1.4307392498e+02 1.2762866602e+02 1.0598076609e+02 2.2355781461e+02 2.5359850998e+02 -4.5438189099e+00 2.5359850998e+02 5.5491006574e+00 1.0000000000e+00 2.4617489982e+00 1.7881972162e+00 1.6919098221e+00 2.3889741450e+01 -6.8727958185e-01 7.2639299031e-01
-1.9815696289e-04 9.6989945145e-05 -4.5237655617e+00 1.7601854391e+01 -2.5373014939e+01 3.5430561415e+01 5.5074539202e+00 -3.5404234421e+01 5.5074539153e+00 3.5404234421e+01 1.0000000000e+00 1.7854516198e+01 1.7155940895e+01 4.9454464588e+00 2.2287178727e+01 -2.7698574434e-01 9.6087402787e-01
-3.3598506693e-04 4.4464633660e-05 4.0935605834e+01 3.5253768353e+01 8.9889516031e+00 6.6913793422e+01 6.3594975363e+01 -1.3670417926e+01 6.3594975363e+01 1.3670417936e+01 0.0000000000e+00 nan nan nan nan nan nan
2.1428209933e-04 1.5831876689e-04 1.9579192158e+00 -6.0966423332e+00 -1.0885979428e+01 1.5336088038e+01 4.3902644514e+00 -1.3318324663e+01 4.3902642416e+00 1.3318324663e+01 1.0000000000e+00 2.7997183117e+01 2.7272815521e+01 -6.3273846112e+00 1.6395182125e+01 2.2600075818e-01 9.7412712584e-01
-1.5139279662e-04 1.0870403670e-04 -4.2360212486e+00 1.2636057081e+01 -2.8627161020e+01 3.0414813966e+01 1.1284098961e+00 -3.3991592165e+01 1.0127732205e+00 3.3991592165e+01 1.0000000000e+00 1.8841084641e+01 1.8436840974e+01 3.8819280459e+00 2.1707930456e+01 -2.0603527450e-01 9.7854456499e-01
-1.7719024631e-04 1.0268359938e-04 -3.9038059451e+00 1.5389802293e+01 -2.7067456352e+01 3.3359030585e+01 3.7742141394e+00 -3.4745476437e+01 3.7746219217e+00 3.4745476437e+01 1.0000000000e+00 1.8350871145e+01 1.7785275665e+01 4.5208894347e+00 2.2048759646e+01 -2.4635830087e-01 9.6917882127e-01
-2.3248611414e-04 8.5836901363e-05 -7.3025487036e+00 2.0949751386e+01 -2.1345955846e+01 3.8264032204e+01 7.7674970188e+00 -3.6416001568e+01 7.7674970188e+00 3.6416001568e+01 1.0000000000e+00 1.6429678205e+01 1.5438630052e+01 5.6198779379e+00 2.2744068430e+01 -3.4205648264e-01 9.3967939356e-01
2.9321861657e-04 1.2356115368e-04 -2.7934603543e+00 -7.9949015673e+00 -6.2831949099e+00 1.4172580524e+01 3.6442155484e+00 -1.2720870813e+01 3.6442155484e+00 1.2720870813e+01 0.0000000000e+00 nan nan nan nan nan nan
2.6530737338e-05 1.2922410637e-04 -4.4753729309e+01 -7.6392716765e+00 -3.4034604617e+01 1.6110519927e+01 -3.0092753946e+01 -4.8695579979e+01 -1.1060313192e-08 4.8695579979e+01 1.0000000000e+00 1.2898876865e+01 1.2816551451e+01 1.4550028432e+00 1.9877080189e+01 -1.1280073905e-01 9.9361762931e-01
-8.9492592747e-05 1.1938267593e-04 -1.0828650968e+01 6.1846291707e+00 -3.0786196151e+01 2.0329993865e+01 -9.0698961293e+00 -3.2544950990e+01 2.3128553980e-04 3.2544950990e+01 1.0000000000e+00 1.9031918007e+01 1.8880649796e+01 2.3947789621e+00 2.0908294321e+01 -1.2582961745e-01 9.9205186728e-01
-1.9376609227e-04 9.8248354566e-05 -4.3301296334e+00 1.7145289925e+01 -2.5763711194e+01 3.5017378696e+01 5.1703726027e+00 -3.5264213431e+01 5.1703725609e+00 3.5264213431e+01 1.0000000000e+00 1.7963991512e+01 1.7293064911e+01 4.8636300248e+00 2.2240315406e+01 -2.7074328228e-01 9.6265158552e-01
1.9633775217e-04 1.6195977079e-04 3.3911776455e+00 -5.6441865222e+00 -1.1589232287e+01 1.6242534212e+01 5.2786041788e+00 -1.3476658820e+01 5.2786042026e+00 1.3476658820e+01 1.0000000000e+00 2.9264807067e+01 2.8891712534e+01 -4.6580982730e+00 1.6855883154e+01 1.5917064692e-01 9.8725108516e-01
-7.1963022001e-05 1.2114344936e-04 -1.4078228342e+01 4.3543499665e+00 -3.1198062999e+01 1.6627749742e+01 -1.3038109881e+01 -3.2238181460e+01 1.5147464794e-05 3.2238181460e+01 1.0000000000e+00 1.8819247353e+01 1.8707083717e+01 2.0516066248e+00 2.0709882100e+01 -1.0901640147e-01 9.9403995101e-01
2.4540339625e-04 1.4600396890e-04 -3.9210922314e-01 -6.8714762962e+00 -9.4942132132e+00 1.4274451567e+01 3.2981972368e+00 -1.3184519673e+01 3.2981971666e+00 1.3184519673e+01 0.0000000000e+00 nan nan nan nan nan nan
-1.3055858884e-04 1.1267803269e-04 -5.3308179014e+00 1.0442132909e+01 -2.9575520783e+01 2.7710430460e+01 -1.4545448565e+00 -3.3451793828e+01 2.8020046039e-02 3.3451793828e+01 1.0000000000e+00 1.9050834309e+01 1.8742820613e+01 3.4118856023e+00 2.1459922940e+01 -1.7909376287e-01 9.8383201010e-01
2.7838491068e-04 1.3165513888e-04 -2.0858616567e+00 -7.6247563915e+00 -7.4710908902e+00 1.4004984607e+01 3.3073053594e+00 -1.2864257906e+01 3.3073053593e+00 1.2864257906e+01 0.0000000000e+00 nan nan nan nan nan nan
4.2541110491e-05 1.3125698810e-04 -5.0620944708e+01 -1.1267159240e+01 -3.6650294105e+01 2.2890223481e+01 -3.0419942718e+01 -5.6851296095e+01 -2.7779177029e-07 5.6851296094e+01 1.0000000000e+00 1.0482433978e+01 1.0324814060e+01 1.8109767358e+00 1.9977832794e+01 -1.7276299947e-01 9.8496342369e-01
1.1980458547e-04 1.5885471965e-04 2.3916797945e+00 -8.3517075242e-01 -1.7384134258e+01 1.7201786586e+01 2.4352288842e+00 -1.7427683348e+01 2.4369288872e+00 1.7427683349e+01 1.0000000000e+00 2.5812689813e+01 2.5390052528e+01 4.6519015443e+00 1.9159296372e+01 -1.8021762079e-01 9.8362676314e-01
-3.7822950158e-04 1.4277765083e-05 9.8383174290e+01 8.9770808436e+01 6.5204033970e+01 1.5809059698e+02 1.7306725285e+02 -9.4800445922e+00 1.7306725285e+02 9.5156664618e+00 1.0000000000e+00 4.7043017055e+00 3.4627862896e+00 3.1842684637e+00 2.3993182078e+01 -6.7688440560e-01 7.3608932980e-01
-3.5540446653e-04 3.2497749436e-05 5.8888129508e+01 5.3778509212e+01 2.9208351446e+01 9.6598715057e+01 9.9819534618e+01 -1.1723053664e+01 9.9819534618e+01 1.1723094255e+01 1.0000000000e+00 9.7459801846e+00 7.8220987880e+00 5.8136821645e+00 2.3968760569e+01 -5.9652103271e-01 8.0259744426e-01
-7.4641577811e-05 1.2096410642e-04 -1.3585406264e+01 4.6453999963e+00 -3.1130559429e+01 1.7187845301e+01 -1.2434575736e+01 -3.2281389958e+01 1.0525735972e-05 3.2281389958e+01 1.0000000000e+00 1.8884658571e+01 1.8763571871e+01 2.1351112285e+00 2.0758887874e+01 -1.1306062117e-01 9.9358809169e-01
-3.4062420464e-04 4.2413547445e-05 4.4793432133e+01 3.9854868961e+01 1.4370623915e+01 7.3887706133e+01 7.2241115049e+01 -1.3077059001e+01 7.2241115049e+01 1.3077059081e+01 1.0000000000e+00 1.3429850329e+01 1.1549498976e+01 6.8534628670e+00 2.3765319210e+01 -5.1031565499e-01 8.5998716983e-01
-5.4963489000e-05 1.2307230000e-04 -1.8498452158e+01 2.6252684988e+00 -3.1499556150e+01 1.2133739757e+01 -1.7993586238e+01 -3.2004422069e+01 7.0704960414e-07 3.2004422069e+01 1.0000000000e+00 1.8464636308e+01 1.8382670769e+01 1.7378749610e+00 2.0515977831e+01 -9.4119100536e-02 9.9556094485e-01
3.1192277723e-05 1.3007849196e-04 -4.7474120149e+01 -8.3578566689e+00 -3.4537041698e+01 1.8257354276e+01 -3.0464692518e+01 -5.1546469330e+01 -2.6092143499e-08 5.1546469330e+01 1.0000000000e+00 1.2373939198e+01 1.2280185651e+01 1.5203327434e+00 1.9883865320e+01 -1.2286570340e-01 9.9242330632e-01
-3.2095587411e-04 5.0987123161e-05 2.9640286740e+01 2.5281422287e+01 -4.7981203300e+00 5.2886343520e+01 4.2955027873e+01 -1.8112861463e+01 4.2955027873e+01 1.8112861462e+01 1.0000000000e+00 1.2713044947e+01 1.2670518944e+01 1.0389713726e+00 2.2642039465e+01 -8.1724824925e-02 9.9665493175e-01
3.7519929744e-04 4.1434090124e-05 -5.8132725477e+00 -1.2056635639e+01 1.3309034955e+01 2.6647876888e+01 1.9133040099e+01 -1.1637277691e+01 1.9133040099e+01 1.1637276095e+01 0.0000000000e+00 nan nan nan nan nan nan
3.6551259855e-04 5.7561828521e-05 -5.9017452163e+00 -1.0895653526e+01 7.5882547243e+00 2.2192880434e+01 1.3656320247e+01 -1.1969810739e+01 1.3656320247e+01 1.1969810740e+01 0.0000000000e+00 nan nan nan nan nan nan
1.2301215514e-04 1.6021242260e-04 2.6681752675e+00 -7.0207709346e-01 -1.7581472096e+01 1.7580213555e+01 2.6932926142e+00 -1.7606589443e+01 2.7027847029e+00 1.7606589443e+01 1.0000000000e+00 2.6010957848e+01 2.5567528140e+01 4.7824086988e+00 1.9158223197e+01 -1.8386130672e-01 9.8295219614e-01
