x_m y_m von_mises_Pa wss_mag_dyn_cm2
3.8395241215e-04 3.5300375979e-05 2.8844466698e+01 2.2243390668e+00
3.7460947099e-04 5.2573364636e-05 2.3355674832e+01 5.2160359776e+00
3.7208036497e-04 5.6664631773e-05 2.2355940230e+01 5.8751625279e+00
3.6679350394e-04 6.4587157154e-05 2.0631910057e+01 7.9064055121e+00
3.6121103618e-04 7.2171303576e-05 1.9207249022e+01 9.2716378797e+00
3.5534661787e-04 7.9425564163e-05 1.8022651508e+01 1.0621260642e+01
3.5231328137e-04 8.2931393055e-05 1.7508010129e+01 1.1942098332e+01
3.4921508585e-04 8.6357582347e-05 1.7039095531e+01 1.2586423193e+01
3.4605394155e-04 8.9704996959e-05 1.6613833506e+01 1.3217899432e+01
3.4283169115e-04 9.2974527749e-05 1.6226282548e+01 1.3837043209e+01
3.3955035249e-04 9.6166941816e-05 1.5875509043e+01 1.4444417576e+01
3.3621174769e-04 9.9283154883e-05 1.5559362307e+01 1.5032952662e+01
3.3281767652e-04 1.0232394596e-04 1.5273886322e+01 1.6170749859e+01
3.2936998987e-04 1.0529007910e-04 1.5018132032e+01 1.6716338388e+01
3.2232070544e-04 1.1100152659e-04 1.4587949040e+01 1.7761700321e+01
3.1138727332e-04 1.1902788967e-04 1.4119543086e+01 1.9214464241e+01
3.0006005403e-04 1.2642229868e-04 1.3837972408e+01 2.0951657988e+01
2.8837750595e-04 1.3320242308e-04 1.3711178144e+01 2.2114606950e+01
2.7637400047e-04 1.3938388246e-04 1.3721169039e+01 2.3516611351e+01
2.6407965482e-04 1.4497969219e-04 1.3853346287e+01 2.4468448174e+01
2.4727921144e-04 1.5154601961e-04 1.4212153916e+01 2.5635901294e+01
2.3005866709e-04 1.5709912959e-04 1.4777387030e+01 2.6976917825e+01
8.7343437736e-05 1.5593237700e-04 2.2208697945e+01 2.6724113696e+01
7.2782908205e-05 1.4956318952e-04 3.5046648325e+01 2.5105423565e+01
5.9194375209e-05 1.3935763932e-04 4.9716432499e+01 6.6461713264e+00
3.9614334665e-05 1.3510079106e-04 2.9930410276e+01 1.1176718926e+01
2.0990963958e-05 1.3289185326e-04 1.5642741557e+01 1.3369008982e+01
1.8597742899e-05 1.3265201283e-04 1.6236180906e+01 1.3731325033e+01
1.8105061141e-06 1.3131529801e-04 1.1247063497e+01 1.5220715182e+01
-6.1724768314e-07 1.3114343832e-04 1.0143844942e+01 1.5571088921e+01
-1.5352225268e-05 1.3012321823e-04 3.7591321866e+00 1.6732786746e+01
-1.7834711508e-05 1.2995019480e-04 2.7062640323e+00 1.6732786746e+01
-3.2878156875e-05 1.2885510675e-04 2.8918868929e+00 1.7595706334e+01
-3.5408807514e-05 1.2865990735e-04 3.7606393103e+00 1.7772968493e+01
-5.0718712570e-05 1.2738641402e-04 8.6307416696e+00 1.8224727809e+01
-5.3289838431e-05 1.2715483988e-04 9.3791400384e+00 1.8350223284e+01
-6.8818430111e-05 1.2563029008e-04 1.3537867652e+01 1.8745513719e+01
-7.1421961317e-05 1.2535198501e-04 1.4175628582e+01 1.8819247353e+01
-8.4495945222e-05 1.2384697977e-04 1.7139326433e+01 1.8990862251e+01
-8.7120877273e-05 1.2352228441e-04 1.7689285252e+01 1.9031918007e+01
-1.0292803475e-04 1.2139735857e-04 2.0710416277e+01 1.9124772324e+01
-1.0557071216e-04 1.2101265277e-04 2.1168080011e+01 1.9124772324e+01
-1.1880966080e-04 1.1895179447e-04 2.3286568889e+01 1.9116063749e+01
-1.2146151686e-04 1.1851145840e-04 2.3678194474e+01 1.9116063749e+01
-1.3473295175e-04 1.1616387700e-04 2.5482438772e+01 1.9018630761e+01
-1.4004443785e-04 1.1515513117e-04 2.6136204102e+01 1.8981383339e+01
-1.5066597649e-04 1.1301444741e-04 2.7342480348e+01 1.8841084641e+01
-1.5597375227e-04 1.1188124802e-04 2.7898515668e+01 1.8784901348e+01
-1.6657744660e-04 1.0948605914e-04 2.8922781240e+01 1.8588876376e+01
-1.7187109371e-04 1.0822289061e-04 2.9395195084e+01 1.8513893401e+01
-1.7715771818e-04 1.0691524158e-04 2.9842894934e+01 1.8350871145e+01
-1.8243621464e-04 1.0556254690e-04 3.0272982033e+01 1.8261272834e+01
-1.8770547751e-04 1.0416423044e-04 3.0684055282e+01 1.8166496862e+01
-1.9296436380e-04 1.0271983077e-04 3.1067747038e+01 1.7963991512e+01
-1.9821159608e-04 1.0122888038e-04 3.1426630494e+01 1.7854516198e+01
-2.0344599966e-04 9.9690933965e-05 3.1768191701e+01 1.7739811559e+01
-2.1127077485e-04 9.7295097495e-05 3.2238152847e+01 1.7358881551e+01
-2.1905954942e-04 9.4791709829e-05 3.2642501378e+01 1.7074434289e+01
-2.2680745661e-04 9.2180359568e-05 3.2949875232e+01 1.6763953009e+01
-2.3450844238e-04 8.9461511252e-05 3.3037158257e+01 1.6429678205e+01
-2.3961053280e-04 8.7589945766e-05 3.2780824661e+01 1.6251945514e+01
-2.4214836302e-04 8.6636449364e-05 3.2567710777e+01 1.6054195513e+01
-2.4719223137e-04 8.4694156131e-05 3.3403855939e+01 1.5832420500e+01
-2.4970392995e-04 8.3705265934e-05 3.4386245040e+01 1.5596449472e+01
-2.5472007158e-04 8.1688591038e-05 3.5993129340e+01 1.5351882083e+01
-2.6222012595e-04 7.8571389467e-05 3.7253339417e+01 1.4829011449e+01
-2.6471094497e-04 7.7509507223e-05 3.7629071274e+01 1.4544489298e+01
-2.6719681819e-04 7.6436946047e-05 3.8002664234e+01 1.4544489298e+01
-2.6967764992e-04 7.5354260873e-05 3.8382401272e+01 1.4241308876e+01
-2.7462448140e-04 7.3160999615e-05 3.9194141291e+01 1.3581031685e+01
-2.7955285543e-04 7.0935652997e-05 4.0134725136e+01 1.3216645703e+01
-2.8446600866e-04 6.8686688030e-05 4.1204994414e+01 1.2828437436e+01
-2.8936954014e-04 6.6425999297e-05 4.2497782250e+01 1.1971479534e+01
-2.9427272362e-04 6.4170943809e-05 4.4091241434e+01 1.1498837961e+01
-2.9672846203e-04 6.3053121902e-05 4.5051499588e+01 1.0994726628e+01
-2.9919006851e-04 6.1947518437e-05 4.6147932883e+01 1.0994726628e+01
-3.0166128982e-04 6.0859723751e-05 4.7368104108e+01 1.0455117203e+01
-3.1173757484e-04 5.6890242544e-05 5.4818366601e+01 8.6507836614e+00
-3.1996711871e-04 5.5387732760e-05 5.5568857028e+01 1.2713044947e+01
-3.2514390853e-04 5.4585289493e-05 5.8811614961e+01 1.5979703569e+01
-3.3064425374e-04 5.2503903515e-05 7.3605322736e+01 1.5946126479e+01
-3.3606183407e-04 4.9892486309e-05 7.6056011327e+01 1.5049915069e+01
-3.4144135295e-04 4.6920649966e-05 8.1596439936e+01 1.3429850329e+01
-3.4680921151e-04 4.3645956212e-05 8.7834744815e+01 1.2655745187e+01
-3.5758940812e-04 3.6264753136e-05 1.0498180117e+02 1.0453575180e+01
-3.6855236975e-04 2.7747852223e-05 1.3226394541e+02 7.6187593524e+00
-3.7987223451e-04 1.7899866337e-05 1.8393640214e+02 4.7043017055e+00
6.3312222638e-05 1.3850549687e-04 3.6408441876e+01 4.9460917265e+00
8.3371552171e-05 1.5139982136e-04 2.0509099247e+01 2.6539072812e+01
1.8310415234e-04 1.6372278074e-04 1.7049027042e+01 3.0058083216e+01
3.0454412952e-04 1.1934761396e-04 1.4255481864e+01 2.0109533267e+01
3.6030136519e-04 6.8192167085e-05 1.9980526431e+01 8.5907913711e+00
5.2222086536e-05 1.3499799716e-04 3.2401901707e+01 8.8566286704e+00
7.1318950366e-05 1.4361369001e-04 1.1357944280e+01 nan
2.0094816294e-04 1.6048607371e-04 1.5933632537e+01 2.8753147529e+01
3.7078528139e-04 5.2813185504e-05 2.3354216438e+01 5.8751625279e+00
-3.5418064967e-04 3.5853020744e-05 9.6635026869e+01 1.0453575180e+01
2.3162407322e-04 1.5289341076e-04 1.4654492119e+01 2.6716195617e+01
2.8894609856e-04 1.2915817220e-04 1.3929370212e+01 2.2114606950e+01
3.6611171410e-05 1.3236268022e-04 2.3218911835e+01 1.1798711267e+01
6.7320345769e-05 1.4035271987e-04 1.6789469571e+01 7.7137117062e+00
1.0525703234e-04 1.5787236515e-04 1.8495604510e+01 2.6177183164e+01
2.1004594682e-04 1.5922372149e-04 1.5525182052e+01 2.8247991386e+01
2.6864895405e-04 1.3999542518e-04 1.3892456759e+01 2.3842583181e+01
2.9665631213e-04 1.2472842288e-04 1.4037109985e+01 2.0951657988e+01
3.9066141712e-04 1.2605785026e-05 4.5619738672e+01 3.5851921720e-02
-2.0133738884e-04 4.0425984412e-05 1.2879493905e+02 nan
-1.7934865416e-04 4.1488020929e-05 1.2661677332e+02 nan
1.1296353496e-04 6.6341814166e-05 3.4772020420e+01 nan
1.3464642375e-04 6.8694422451e-05 2.7583771393e+01 nan
-1.5611022391e-04 4.0974946614e-05 1.2767755095e+02 nan
2.7000486857e-04 6.7232339111e-05 1.4238621855e+01 nan
1.7885342717e-04 1.2295138997e-04 9.1883811415e+00 nan
1.5635435497e-04 1.2181398761e-04 7.1334163551e+00 nan
6.7151640529e-05 9.4361866362e-05 2.4839046171e+01 nan
-2.0225915196e-04 6.7656275425e-05 7.2592353369e+01 nan
-2.2322611913e-04 4.1574988071e-05 1.2393875151e+02 nan
2.4485549460e-04 4.1501040517e-05 2.5048402605e+01 nan
2.9001647326e-04 9.6820846919e-05 1.5329432552e+01 nan
2.0133272019e-04 9.3812104486e-05 9.2953778889e+00 nan
3.3532398160e-04 6.7360142933e-05 1.9384476830e+01 nan
2.3809072733e-05 6.8086614370e-05 6.3748901335e+01 nan
-3.1409594238e-04 1.5132231238e-05 1.5701178244e+02 nan
1.7858047711e-04 9.3931501414e-05 8.9069677550e+00 nan
-1.5665942363e-04 9.4344939721e-05 4.2806547129e+01 nan
6.8287899021e-05 1.2201773269e-04 1.3281659352e+01 nan
1.5749821208e-04 1.4852440476e-04 1.2780883085e+01 nan
4.5587507524e-05 6.6952547058e-05 5.2936569445e+01 nan
2.6688112814e-04 9.5661032723e-05 1.4198268864e+01 nan
2.9201528713e-04 3.8831089095e-05 1.6391875824e+01 nan
1.5646196084e-04 9.3574280271e-05 1.0358077850e+01 nan
-2.4592173818e-04 6.8385085479e-05 5.9891911862e+01 nan
8.8857355846e-05 4.0888371203e-05 7.5849671517e+01 nan
1.1317293782e-04 4.1593436702e-05 6.2240986285e+01 nan
2.2328949524e-04 6.7780008874e-05 1.0905007321e+01 nan
1.8022519315e-04 1.3541806701e-05 9.1971315088e+01 nan
1.5721350191e-04 1.4334903451e-05 1.1197585560e+02 nan
1.3368177629e-04 1.3354230086e-05 1.5267267580e+02 nan
2.9055275672e-04 1.5059583872e-05 4.1914617447e+01 nan
2.7067301928e-04 1.4430386344e-05 4.5192006044e+01 nan
2.7039798855e-04 1.2235867513e-04 1.4298630729e+01 nan
-7.7358275601e-07 1.3547314914e-05 1.9089364897e+02 nan
-2.3712195887e-05 1.3441268056e-05 1.9250652577e+02 nan
2.0001557107e-04 1.4826800459e-04 1.4632561312e+01 nan
1.8063006527e-04 1.4955493980e-04 1.4454411523e+01 nan
3.1233045263e-04 9.3829767868e-05 1.6141269337e+01 nan
-1.8008245476e-04 9.4586361937e-05 4.0612677517e+01 nan
2.2556829780e-05 1.2172219583e-04 1.3206090268e+01 nan
-1.1139596024e-04 9.5768492443e-05 4.1685375850e+01 nan
8.9574584321e-05 1.2323492937e-04 1.1754551314e+01 nan
4.5671055756e-05 1.2334761644e-04 1.4276507374e+01 nan
2.1803857155e-05 9.5922478982e-05 3.7197751303e+01 nan
5.9999854754e-07 9.5312425726e-05 4.0323051183e+01 nan
3.1436963168e-04 1.3208184102e-05 1.8667820485e+01 nan
2.2473180478e-04 9.6643247038e-05 1.1167052126e+01 nan
-2.6852441198e-04 4.1173652827e-05 1.0756530846e+02 nan
-3.3652816718e-04 3.8880214291e-05 6.5814255515e+01 nan
3.5814926191e-04 1.1808494237e-05 2.4721837040e+01 nan
1.1149874133e-04 1.2230262091e-04 6.1929696796e+00 nan
1.3468317442e-04 1.4942296082e-04 1.1954225600e+01 nan
-1.8013333599e-04 6.7758432526e-05 7.5107672930e+01 nan
1.8119862983e-04 6.7554243866e-05 1.8567776267e+01 nan
-4.4474352252e-05 4.2015451955e-05 1.2548659855e+02 nan
-6.6922627283e-05 4.0262715999e-05 1.2941504335e+02 nan
-8.9279049317e-05 4.1969291359e-05 1.2559070838e+02 nan
-2.1872034375e-05 4.0599018794e-05 1.2697570746e+02 nan
-6.6033318481e-05 9.4849112591e-05 4.1320091769e+01 nan
2.2248094190e-05 4.1876613351e-05 1.1347881227e+02 nan
1.7953979823e-04 4.1064432106e-05 4.0511551372e+01 nan
1.5693418196e-04 4.0338906271e-05 4.6831963155e+01 nan
-2.4717667053e-04 1.4036845339e-05 2.1596840518e+02 nan
3.5386699526e-04 7.1025046687e-05 1.9470290768e+01 nan
-2.4140221068e-04 8.1413645860e-05 4.0856038311e+01 nan
-1.1189313573e-04 4.0431166083e-05 1.2868141288e+02 nan
1.1354528022e-04 1.4869890742e-04 1.2593958498e+01 nan
-2.2335452158e-04 8.8790149671e-05 3.7907800613e+01 1.6922533339e+01
-2.6811348461e-04 1.2892806054e-05 2.2065773228e+02 nan
2.4752309256e-04 9.4992068591e-05 1.2884832477e+01 nan
3.1777875761e-04 1.0623837436e-04 1.5135622807e+01 nan
2.8950223819e-04 1.2278074265e-04 1.4264229181e+01 nan
-1.1260565589e-04 1.1428022728e-04 2.5840425775e+01 nan
-1.6771776019e-04 1.0370271384e-04 3.3431847140e+01 nan
-1.4180756739e-04 1.1030567607e-04 2.9448371904e+01 1.8939487096e+01
-2.5282071600e-04 7.7760213137e-05 4.1799065549e+01 1.5351882083e+01
-2.5523337572e-04 7.6159861419e-05 4.3255978720e+01 nan
-1.6311991199e-04 1.0582988204e-04 3.2029819599e+01 1.8658685592e+01
-2.9055415827e-04 6.0894706372e-05 5.2232009503e+01 nan
-1.7056874010e-04 1.0422493508e-04 3.2737314510e+01 1.8513893401e+01
3.2111761568e-04 1.0328132593e-04 1.5376685349e+01 nan
3.4430916999e-04 8.0925859004e-05 1.7894738609e+01 nan
-1.2504993833e-04 1.1284339711e-04 2.7444878117e+01 nan
-3.1191317813e-04 5.2602450798e-05 6.0133974006e+01 8.6507836614e+00
-3.0629319416e-04 5.4147496271e-05 5.9223316979e+01 9.2583168255e+00
-3.0356264443e-04 5.5121183856e-05 5.8004231037e+01 9.8748689447e+00
-3.0087832733e-04 5.6148738187e-05 5.6870541532e+01 nan
-2.3904856108e-04 8.3526231549e-05 3.8681497281e+01 1.6251945514e+01
-2.8553352829e-04 6.3524630753e-05 4.9875028276e+01 1.2413766851e+01
-2.8305191596e-04 6.4850521357e-05 4.8754474229e+01 1.2828437436e+01
-2.6192210613e-04 7.3888575540e-05 4.4002369020e+01 nan
-2.9589171403e-04 5.8758782285e-05 5.3804056451e+01 1.0994726628e+01
-2.4628108284e-04 8.0539885997e-05 4.0234138447e+01 1.5832420500e+01
3.0766801893e-04 1.1548229750e-04 1.4494361469e+01 nan
-3.1322668552e-04 4.1458561837e-05 6.9558289842e+01 nan
-3.3074116266e-04 4.6541526599e-05 5.7564397870e+01 nan
-3.2487216864e-04 4.8644972725e-05 5.4953634886e+01 nan
5.0860653043e-05 1.3277470846e-04 2.5832160314e+01 nan
3.8115790837e-04 1.2716835480e-05 3.5050967975e+01 nan
2.0234998374e-04 4.1673565095e-05 3.7255249416e+01 nan
-1.4885342535e-04 1.0837554736e-04 3.0748147285e+01 nan
-1.8666217424e-04 9.9978844738e-05 3.4533711685e+01 1.8166496862e+01
-3.5698922120e-04 1.3540486384e-05 8.6052268742e+01 nan
3.3570265342e-04 4.0503710026e-05 2.1745299675e+01 nan
-1.1792607870e-04 1.1480966034e-04 2.5800106563e+01 1.9116063749e+01
-1.0566916321e-04 1.1624645823e-04 2.4015454606e+01 nan
-1.0830884896e-04 1.1646451183e-04 2.4089288353e+01 1.9131653394e+01
5.4631425348e-05 1.3495057215e-04 3.1165582863e+01 7.8290600393e+00
9.0246822723e-05 1.4845891363e-04 1.4751370487e+01 nan
-3.6504186985e-04 2.5351973035e-05 1.1706337396e+02 7.6187593524e+00
-3.5065853662e-04 3.5382062473e-05 8.8091072498e+01 nan
-3.4470407995e-04 3.8816186584e-05 7.8525776768e+01 nan
-3.7681805634e-04 1.2884374962e-05 1.4098179976e+02 nan
-3.6779971943e-04 2.0819366348e-05 1.2004984302e+02 nan
-1.8177005496e-04 1.0148407083e-04 3.3850893063e+01 1.8261272834e+01
3.8188424032e-04 3.1224469694e-05 3.0715739967e+01 2.2243390668e+00
-2.8806186704e-04 6.2254452254e-05 5.0923929670e+01 1.1971479534e+01
-2.6910858117e-04 6.8771811336e-05 4.9025361878e+01 nan
-2.7103448645e-04 6.9830302355e-05 4.6302371896e+01 1.3921674529e+01
-2.7349795006e-04 6.8458774628e-05 4.7385293960e+01 nan
-2.9163021589e-04 4.1371600481e-05 8.2271521490e+01 nan
3.4158911460e-04 8.8498734622e-05 1.6858371803e+01 1.3837043209e+01
3.4849947843e-04 8.1896195612e-05 1.7730027689e+01 1.1942098332e+01
3.3497123815e-04 1.4628408560e-05 2.1450336867e+01 nan
3.3168886047e-04 9.8072058669e-05 1.5793426219e+01 1.5609386163e+01
3.3474654231e-04 9.1330787468e-05 1.6556992971e+01 nan
-9.0837927569e-05 1.1760071003e-04 2.1630091421e+01 nan
3.1269301881e-04 6.7374152071e-05 1.7789055104e+01 nan
2.8949209079e-04 6.7162217716e-05 1.5889093987e+01 nan
2.0154689546e-04 1.2295229679e-04 1.1362720512e+01 nan
2.2410534463e-04 1.5164224095e-04 1.4781989645e+01 nan
-2.3460720997e-04 8.4302937194e-05 3.9424172978e+01 nan
2.5416170717e-04 1.4431817604e-04 1.4112630706e+01 2.5067450557e+01
-2.0294498924e-04 1.3590670184e-05 2.0701574865e+02 nan
9.0543747834e-05 6.8871594387e-05 3.7548854101e+01 nan
-2.0011370502e-04 9.5163861919e-05 3.6874391198e+01 nan
-1.9122600503e-04 9.7899120567e-05 3.5780551988e+01 nan
-1.3473916378e-04 1.1151420966e-04 2.8583724432e+01 1.9018630761e+01
-1.3210052354e-04 1.1120486527e-04 2.8772789621e+01 nan
-1.1184408185e-04 1.3363182131e-05 1.9487752544e+02 nan
8.9138663490e-05 1.4328022707e-05 1.9379174061e+02 nan
-2.2349290219e-04 6.8315545818e-05 6.7132381764e+01 nan
4.4173788044e-05 4.1190181632e-05 1.0588655820e+02 nan
-6.5881515578e-05 1.3356860992e-05 1.9359112603e+02 nan
-4.4855946480e-05 1.4900917121e-05 1.8934005039e+02 nan
4.4681747973e-05 1.3910616190e-05 1.8602445727e+02 nan
-1.5603615900e-04 1.0705886124e-04 3.1480217985e+01 nan
2.4718821471e-04 1.2056048563e-04 1.3787343607e+01 nan
-2.2530146870e-04 1.3747498063e-05 2.1221519710e+02 nan
-4.6136393851e-05 9.4985183811e-05 4.0871348246e+01 nan
1.2995934516e-05 1.2854018492e-04 1.2432765332e+01 1.4422032341e+01
8.9644750747e-06 1.2772953822e-04 1.1046659205e+01 1.4834859838e+01
2.4311473689e-05 1.2884153917e-04 1.5179329384e+01 nan
-2.3529398844e-05 9.5674370631e-05 4.0098526140e+01 nan
-1.3328237496e-04 6.7402709171e-05 7.7931449283e+01 nan
-7.0154303368e-07 1.2247465695e-04 9.4803790622e+00 nan
-1.4047746294e-06 1.2680135717e-04 7.3838843891e+00 1.5571088921e+01
-3.8722825980e-06 1.2651694305e-04 6.5761262466e+00 1.5895529179e+01
-8.8381784731e-06 1.2599840293e-04 5.0590447050e+00 1.6195404122e+01
-2.1504165530e-05 1.2498924279e-04 4.2540742362e+00 nan
-2.2515902192e-05 1.2273684065e-04 6.9103375304e+00 nan
-1.4483636068e-04 1.1007516408e-04 2.9576181563e+01 1.8892721818e+01
-3.4169785483e-05 1.2425912763e-04 6.7011959524e+00 nan
-4.5757788649e-05 1.2166789573e-04 1.1372095227e+01 nan
-6.4030644182e-05 1.2151879891e-04 1.4972708554e+01 1.8661440441e+01
-1.9570640525e-04 9.6729623262e-05 3.6143357014e+01 nan
1.1201700649e-04 9.4065419622e-05 1.8563301579e+01 nan
2.2548798601e-04 4.1995087788e-05 3.7156644885e+01 nan
6.5952789374e-05 4.0759784117e-05 9.1774650230e+01 nan
-2.4658324932e-04 4.1772395507e-05 1.1769650568e+02 nan
-8.4164088821e-05 1.1959735353e-04 1.9484131725e+01 1.8990862251e+01
-8.1458180299e-05 1.1956954970e-04 1.9117674477e+01 nan
-1.2793417943e-04 1.1312983659e-04 2.7334563125e+01 1.9077739389e+01
1.5583275881e-04 6.7899925356e-05 2.5222013242e+01 nan
6.9385140532e-07 6.8035811838e-05 7.4115206886e+01 nan
-2.2749488199e-05 6.8789503092e-05 7.6596420477e+01 nan
-4.4519740007e-05 6.8299538384e-05 7.8025297245e+01 nan
2.6882524912e-04 4.2244995698e-05 1.4341159835e+01 nan
-1.1173955021e-04 6.6837031391e-05 7.9256809675e+01 nan
-1.7480873979e-04 1.0248618853e-04 3.3795446160e+01 nan
-2.1850720888e-04 8.9639914460e-05 3.8400565031e+01 nan
-2.1653468331e-04 9.1486919418e-05 3.6881890275e+01 1.7219970063e+01
-2.1403609517e-04 9.1094244696e-05 3.7992510048e+01 nan
-2.0940102051e-04 9.2670878923e-05 3.7440079824e+01 nan
-2.0722000578e-04 9.4447146322e-05 3.6084867049e+01 1.7491264873e+01
-1.5740850989e-04 6.8364292864e-05 7.5641510156e+01 nan
3.5810708390e-04 3.9199966282e-05 2.5313014470e+01 nan
2.2048625724e-05 1.3706009550e-05 1.8838688372e+02 nan
6.7058901555e-05 1.4134248533e-05 1.8647411310e+02 nan
-8.8879260994e-05 1.3350862304e-05 1.9402232572e+02 nan
-1.3475840178e-04 1.3390247531e-05 1.9644378115e+02 nan
-8.8798641112e-05 9.5109961413e-05 4.1690949407e+01 nan
1.1141683309e-04 1.4618705101e-05 1.7271953985e+02 nan
3.1241042657e-04 4.1523089153e-05 1.8517080867e+01 nan
-1.3552463495e-04 9.4912327933e-05 4.2816974669e+01 nan
4.3993519791e-05 9.4283547856e-05 3.1019056712e+01 nan
2.2435947052e-04 1.2208594999e-04 1.2849378819e+01 nan
2.4704440576e-04 6.9701799971e-05 1.2369224019e+01 nan
-1.5760106209e-04 1.3432749666e-05 1.9892121704e+02 nan
-2.9113167009e-04 1.4396142048e-05 1.9791087707e+02 nan
-3.3668814844e-04 1.3378104248e-05 1.2946328703e+02 nan
2.4637886050e-04 1.3074854613e-05 4.9220762028e+01 nan
2.0031017921e-04 6.8933719282e-05 1.2075448335e+01 nan
2.2302958159e-04 1.4097558269e-05 5.9344118728e+01 nan
2.0326024678e-04 1.2725678555e-05 7.6112663262e+01 nan
8.9890853183e-05 9.4601377175e-05 2.1040773100e+01 nan
-1.3084066519e-06 4.1040858820e-05 1.2267114538e+02 nan
-9.6101772338e-05 1.1778651488e-04 2.2106745931e+01 1.9092053721e+01
-8.8200940931e-05 6.8297204585e-05 7.7398132654e+01 nan
-6.6376385044e-05 6.8166712159e-05 7.8019025150e+01 nan
1.3489650911e-04 1.2338558478e-04 5.9393666171e+00 nan
-1.3583674839e-04 4.0675299008e-05 1.2817163997e+02 nan
-1.8913886166e-05 1.2763860688e-04 1.4397763752e+00 1.6973689486e+01
4.8829432355e-06 1.2716120806e-04 9.5988363838e+00 nan
1.3436306822e-04 3.9657794480e-05 5.6656240485e+01 nan
6.6096644290e-05 6.8383055290e-05 4.4470506019e+01 nan
6.5388697913e-05 1.3936065775e-04 3.4455495553e+01 4.9460917265e+00
3.2211321779e-04 1.0700749152e-04 1.4994960072e+01 1.7246845272e+01
1.0179658846e-04 1.5639020789e-04 1.8596861591e+01 2.6346973958e+01
1.4153815582e-04 1.6442575432e-04 1.9770186816e+01 3.2030500961e+01
1.5991254609e-04 1.6529432736e-04 1.8821043242e+01 3.1902819861e+01
1.6931491098e-04 1.6423380286e-04 1.7890274698e+01 3.0917517335e+01
-1.8031713956e-04 1.3495488583e-05 2.0243688100e+02 nan
1.7860258504e-04 1.6427457895e-04 1.7369405055e+01 3.0334578953e+01
2.6478121076e-04 1.3925199688e-04 1.3994345714e+01 nan
2.2289861624e-04 1.5577342176e-04 1.4968038319e+01 2.7490631802e+01
1.3587464908e-04 9.6412873793e-05 1.1692846789e+01 nan
2.3633039749e-04 1.5186010700e-04 1.4517212933e+01 2.6453430347e+01
-2.9830860403e-04 5.7411162655e-05 5.5395617287e+01 nan
2.7287798354e-04 1.3721831630e-04 1.3895196720e+01 2.3516611351e+01
2.8135257884e-04 1.3337266429e-04 1.3874274198e+01 2.2836889270e+01
3.5468564869e-04 7.5193826057e-05 1.8752360366e+01 1.0621260642e+01
3.5753309240e-04 7.1694848300e-05 1.9345679672e+01 9.9477588337e+00
3.6321590519e-04 6.4610153261e-05 2.0674658979e+01 7.9064055121e+00
3.6838036312e-04 5.6795112197e-05 2.2374764771e+01 6.5482024312e+00
3.7336929384e-04 4.8882106121e-05 2.4402214628e+01 5.2160359776e+00
3.8872276400e-04 1.7336579654e-05 3.9907119820e+01 5.1559125877e-01
-2.0272254622e-04 9.5717235021e-05 3.5779114295e+01 1.7618381684e+01
3.7809517785e-04 4.0485848296e-05 2.7002299085e+01 3.3416356243e+00
-6.6712870364e-05 1.2139743549e-04 1.5541749147e+01 nan
-3.6858590649e-05 1.2408520422e-04 7.4161448663e+00 1.7772968493e+01
1.8749508300e-04 1.6323490467e-04 1.6769545154e+01 2.9786685319e+01
5.9192695835e-05 1.3689497853e-04 3.5655181816e+01 6.6461713264e+00
2.8513283058e-04 1.3148796934e-04 1.3886020317e+01 2.2482158412e+01
3.1828773731e-04 1.1001934517e-04 1.4775682869e+01 1.8260343087e+01
-1.5970436326e-04 1.0908379008e-04 2.9724312917e+01 1.8723934746e+01
3.8471353238e-04 2.6454723814e-05 3.3208294382e+01 1.2650003614e+00
-2.5947417203e-04 7.4971419649e-05 4.3386331512e+01 1.4829011449e+01
3.5683280426e-04 6.7729701742e-05 2.0069162333e+01 nan
-3.8747738709e-04 8.2998541588e-06 2.2355781461e+02 2.4617489982e+00
-1.9815696289e-04 9.6989945145e-05 3.5430561415e+01 1.7854516198e+01
-3.3598506693e-04 4.4464633660e-05 6.6913793422e+01 nan
2.1428209933e-04 1.5831876689e-04 1.5336088038e+01 2.7997183117e+01
-1.5139279662e-04 1.0870403670e-04 3.0414813966e+01 1.8841084641e+01
-1.7719024631e-04 1.0268359938e-04 3.3359030585e+01 1.8350871145e+01
-2.3248611414e-04 8.5836901363e-05 3.8264032204e+01 1.6429678205e+01
2.9321861657e-04 1.2356115368e-04 1.4172580524e+01 nan
2.6530737338e-05 1.2922410637e-04 1.6110519927e+01 1.2898876865e+01
-8.9492592747e-05 1.1938267593e-04 2.0329993865e+01 1.9031918007e+01
-1.9376609227e-04 9.8248354566e-05 3.5017378696e+01 1.7963991512e+01
1.9633775217e-04 1.6195977079e-04 1.6242534212e+01 2.9264807067e+01
-7.1963022001e-05 1.2114344936e-04 1.6627749742e+01 1.8819247353e+01
2.4540339625e-04 1.4600396890e-04 1.4274451567e+01 nan
-1.3055858884e-04 1.1267803269e-04 2.7710430460e+01 1.9050834309e+01
2.7838491068e-04 1.3165513888e-04 1.4004984607e+01 nan
4.2541110491e-05 1.3125698810e-04 2.2890223481e+01 1.0482433978e+01
1.1980458547e-04 1.5885471965e-04 1.7201786586e+01 2.5812689813e+01
-3.7822950158e-04 1.4277765083e-05 1.5809059698e+02 4.7043017055e+00
-3.5540446653e-04 3.2497749436e-05 9.6598715057e+01 9.7459801846e+00
-7.4641577811e-05 1.2096410642e-04 1.7187845301e+01 1.8884658571e+01
-3.4062420464e-04 4.2413547445e-05 7.3887706133e+01 1.3429850329e+01
-5.4963489000e-05 1.2307230000e-04 1.2133739757e+01 1.8464636308e+01
3.1192277723e-05 1.3007849196e-04 1.8257354276e+01 1.2373939198e+01
-3.2095587411e-04 5.0987123161e-05 5.2886343520e+01 1.2713044947e+01
3.7519929744e-04 4.1434090124e-05 2.6647876888e+01 nan
3.6551259855e-04 5.7561828521e-05 2.2192880434e+01 nan
1.2301215514e-04 1.6021242260e-04 1.7580213555e+01 2.6010957848e+01
